%%
%%   +-------+--------------+  Top            This diagram illustrates what
%%   |       |              |                 the columns in this file
%%   |       |_             /\                correspond to.  Voltages are
%%   |      /+ \     +--------------+         all in volts.
%%   |     | V3 |    |      __      |
%%   |      \-_/     |     /  \     |         In addition to V1...V7, column
%%   +---+   |  +---(|----|-V2+|----|)---+    eight is the thermocouple
%%   /   |_  |  |_   |     \__/     |    |_   voltage, column nine is an
%%   \  /+ \ | /+ \  |              |   /+ \  encoded time.
%%   / | V4 ||| V5 | |              |  | V6 |
%%   \  \-_/ | \-_/  |      __      |   \-_/
%%   /   |   |  |    |     /  \     |    |
%%   +---+   |  +---(|----|-V1+|----|)---+
%%   |       |  |_   |     \__/     |
%%   8 I     | /+ \  |              |
%%   |       || V7 | +--------------+
%%   |       | \-_/         \/
%%   |       |  |           |
%%   +-------+--+-----------+  Bottom
%%
%% Measurement started Tue Dec  1 11:10:38 2015
-0.033877 -0.002514 0.172154 0.009945 0.066988 0.098397 0.034161 0.000738  1448986257
-0.033956 -0.002603 0.171736 0.009943 0.067190 0.098621 0.034236 0.000746  1448986266
-0.034050 -0.002612 0.172186 0.009956 0.067358 0.098899 0.034308 0.000763  1448986275
-0.034157 -0.002631 0.172753 0.009951 0.067569 0.099185 0.034430 0.000779  1448986284
-0.034257 -0.002626 0.173277 0.009945 0.067806 0.099536 0.034561 0.000804  1448986293
-0.034365 -0.002638 0.173984 0.009957 0.068048 0.099849 0.034678 0.000816  1448986302
-0.034498 -0.002645 0.174552 0.009977 0.068309 0.100222 0.034788 0.000835  1448986311
-0.034614 -0.002652 0.175259 0.009965 0.068590 0.100592 0.034939 0.000857  1448986320
-0.034756 -0.002682 0.176004 0.009943 0.068847 0.101036 0.035078 0.000884  1448986329
-0.034897 -0.002689 0.176740 0.009968 0.069187 0.101461 0.035226 0.000904  1448986338
-0.035011 -0.002684 0.177534 0.009934 0.069476 0.101936 0.035376 0.000936  1448986347
-0.035208 -0.002666 0.178418 0.010000 0.069834 0.102383 0.035522 0.000955  1448986356
-0.035373 -0.002723 0.179242 0.009944 0.070168 0.102886 0.035671 0.000993  1448986365
-0.035509 -0.002703 0.180081 0.009967 0.070532 0.103401 0.035868 0.001009  1448986374
-0.035681 -0.002750 0.180834 0.009991 0.070922 0.103960 0.036044 0.001041  1448986383
-0.035891 -0.002758 0.181817 0.009938 0.071271 0.104483 0.036203 0.001070  1448986392
-0.036038 -0.002775 0.182744 0.009897 0.071701 0.105048 0.036373 0.001103  1448986402
-0.036239 -0.002800 0.183777 0.009947 0.072094 0.105630 0.036575 0.001144  1448986411
-0.036417 -0.002826 0.184708 0.009952 0.072475 0.106189 0.036780 0.001165  1448986420
-0.036557 -0.002811 0.185670 0.009928 0.072879 0.106765 0.036980 0.001203  1448986429
-0.036777 -0.002842 0.186704 0.009935 0.073314 0.107357 0.037153 0.001237  1448986438
-0.036994 -0.002901 0.187743 0.009970 0.073730 0.107968 0.037369 0.001270  1448986447
-0.037179 -0.002925 0.188757 0.009966 0.074144 0.108542 0.037534 0.001301  1448986456
-0.037393 -0.002898 0.189674 0.009950 0.074603 0.109146 0.037741 0.001338  1448986465
-0.037599 -0.002929 0.190810 0.010001 0.075014 0.109749 0.037961 0.001370  1448986474
-0.037742 -0.002971 0.191884 0.009960 0.075431 0.110365 0.038133 0.001406  1448986483
-0.037957 -0.002967 0.192730 0.009935 0.075891 0.110981 0.038294 0.001446  1448986492
-0.038195 -0.003007 0.193914 0.009916 0.076315 0.111616 0.038525 0.001477  1448986501
-0.038383 -0.003050 0.194829 0.009949 0.076739 0.112191 0.038746 0.001508  1448986510
-0.038530 -0.003033 0.195813 0.009987 0.077189 0.112813 0.038909 0.001551  1448986519
-0.038750 -0.003069 0.196970 0.009949 0.077607 0.113376 0.039087 0.001577  1448986528
-0.038924 -0.003071 0.197873 0.009987 0.078055 0.113956 0.039286 0.001617  1448986537
-0.039129 -0.003103 0.198838 0.009966 0.078429 0.114554 0.039471 0.001665  1448986546
-0.039306 -0.003140 0.199765 0.009936 0.078841 0.115163 0.039678 0.001701  1448986555
-0.039477 -0.003116 0.200755 0.009993 0.079247 0.115684 0.039847 0.001726  1448986564
-0.039677 -0.003169 0.201690 0.009936 0.079646 0.116262 0.039995 0.001781  1448986573
-0.039787 -0.003130 0.202722 0.009953 0.080031 0.116754 0.040219 0.001806  1448986583
-0.039977 -0.003142 0.203344 0.009958 0.080435 0.117308 0.040335 0.001827  1448986592
-0.040156 -0.003248 0.204066 0.009977 0.080745 0.117769 0.040497 0.001883  1448986601
-0.040272 -0.003256 0.204860 0.009959 0.081085 0.118227 0.040621 0.001902  1448986610
-0.040441 -0.003276 0.205572 0.009942 0.081441 0.118681 0.040766 0.001941  1448986619
-0.040584 -0.003273 0.206417 0.009967 0.081741 0.119140 0.040884 0.001994  1448986628
-0.040699 -0.003315 0.207165 0.009960 0.082073 0.119578 0.041013 0.002027  1448986637
-0.040836 -0.003351 0.207511 0.009962 0.082361 0.119941 0.041125 0.002051  1448986646
-0.040953 -0.003325 0.208209 0.009950 0.082636 0.120327 0.041184 0.002096  1448986655
-0.041036 -0.003335 0.208661 0.009922 0.082967 0.120711 0.041294 0.002133  1448986664
-0.041122 -0.003377 0.209203 0.009931 0.083183 0.120974 0.041414 0.002168  1448986673
-0.041206 -0.003384 0.209579 0.009946 0.083381 0.121237 0.041501 0.002193  1448986682
-0.041250 -0.003364 0.209971 0.009919 0.083566 0.121497 0.041507 0.002236  1448986691
-0.041331 -0.003380 0.210324 0.009948 0.083761 0.121724 0.041592 0.002267  1448986700
-0.041406 -0.003429 0.210589 0.009926 0.083913 0.121894 0.041663 0.002294  1448986709
-0.041406 -0.003445 0.211042 0.009931 0.084037 0.122112 0.041704 0.002339  1448986718
-0.041478 -0.003442 0.210802 0.009982 0.084140 0.122234 0.041687 0.002367  1448986727
-0.041422 -0.003436 0.210980 0.009974 0.084297 0.122286 0.041597 0.002385  1448986736
-0.041408 -0.003413 0.211031 0.009972 0.084326 0.122341 0.041631 0.002420  1448986745
-0.041407 -0.003448 0.210987 0.009971 0.084454 0.122349 0.041633 0.002450  1448986755
-0.041377 -0.003469 0.211057 0.009948 0.084396 0.122360 0.041575 0.002485  1448986764
-0.041363 -0.003445 0.210981 0.009954 0.084399 0.122375 0.041533 0.002535  1448986773
-0.041324 -0.003422 0.210629 0.009967 0.084380 0.122223 0.041469 0.002568  1448986782
-0.041292 -0.003459 0.210379 0.009943 0.084350 0.122092 0.041443 0.002587  1448986791
-0.041205 -0.003466 0.209988 0.009948 0.084259 0.121960 0.041362 0.002624  1448986800
-0.041148 -0.003480 0.209782 0.009954 0.084139 0.121774 0.041257 0.002655  1448986809
-0.041055 -0.003484 0.209491 0.009980 0.083981 0.121528 0.041201 0.002665  1448986818
-0.040941 -0.003444 0.209047 0.009930 0.083856 0.121268 0.041091 0.002698  1448986827
-0.040854 -0.003415 0.208340 0.009939 0.083718 0.121005 0.040951 0.002750  1448986836
-0.040740 -0.003426 0.207868 0.009948 0.083486 0.120700 0.040866 0.002756  1448986845
-0.040598 -0.003426 0.207116 0.009952 0.083249 0.120337 0.040735 0.002783  1448986854
-0.040426 -0.003390 0.206520 0.009956 0.083036 0.119972 0.040605 0.002835  1448986863
-0.040280 -0.003411 0.205589 0.009993 0.082762 0.119554 0.040417 0.002856  1448986872
-0.040122 -0.003395 0.204641 0.009971 0.082444 0.119128 0.040257 0.002864  1448986881
-0.040008 -0.003402 0.203726 0.009974 0.082170 0.118676 0.040079 0.002919  1448986890
-0.039806 -0.003387 0.202957 0.009968 0.081861 0.118160 0.039875 0.002914  1448986899
-0.039614 -0.003355 0.202017 0.009968 0.081488 0.117669 0.039689 0.002973  1448986908
-0.039452 -0.003345 0.201026 0.009980 0.081150 0.117143 0.039498 0.002998  1448986917
-0.039265 -0.003316 0.200033 0.009952 0.080778 0.116565 0.039306 0.002987  1448986926
-0.039045 -0.003312 0.198881 0.009977 0.080372 0.116003 0.039111 0.003046  1448986936
-0.038845 -0.003350 0.197790 0.009956 0.079974 0.115438 0.038873 0.003076  1448986945
-0.038588 -0.003277 0.196734 0.009960 0.079535 0.114760 0.038666 0.003063  1448986954
-0.038457 -0.003326 0.195640 0.009978 0.079137 0.114132 0.038441 0.003095  1448986963
-0.038196 -0.003280 0.194521 0.009998 0.078647 0.113472 0.038233 0.003127  1448986972
-0.037954 -0.003254 0.193322 0.009976 0.078204 0.112801 0.037968 0.003144  1448986981
-0.037717 -0.003191 0.192069 0.009944 0.077784 0.112137 0.037756 0.003194  1448986990
-0.037418 -0.003163 0.190900 0.009956 0.077274 0.111409 0.037551 0.003207  1448986999
-0.037206 -0.003153 0.189663 0.009928 0.076803 0.110736 0.037258 0.003246  1448987008
-0.036993 -0.003141 0.188625 0.009944 0.076357 0.110029 0.037018 0.003266  1448987017
-0.036761 -0.003115 0.187133 0.009943 0.075829 0.109337 0.036777 0.003277  1448987026
-0.036530 -0.003125 0.185879 0.010012 0.075342 0.108597 0.036542 0.003284  1448987035
-0.036275 -0.003088 0.184576 0.009963 0.074834 0.107828 0.036281 0.003307  1448987044
-0.036001 -0.003098 0.183312 0.009942 0.074330 0.107111 0.036018 0.003353  1448987053
-0.035778 -0.003087 0.181900 0.009997 0.073789 0.106363 0.035767 0.003344  1448987062
-0.035514 -0.003002 0.180612 0.009966 0.073302 0.105633 0.035490 0.003391  1448987071
-0.035252 -0.003001 0.179356 0.009963 0.072802 0.104925 0.035299 0.003417  1448987080
-0.035001 -0.003006 0.178191 0.009967 0.072271 0.104165 0.035039 0.003420  1448987089
-0.034760 -0.002955 0.176903 0.009952 0.071758 0.103445 0.034773 0.003435  1448987098
-0.034524 -0.002949 0.175654 0.009990 0.071277 0.102678 0.034509 0.003466  1448987108
-0.034264 -0.002916 0.174262 0.009987 0.070792 0.101961 0.034261 0.003487  1448987117
-0.034023 -0.002894 0.172974 0.009964 0.070253 0.101221 0.034025 0.003511  1448987126
-0.033773 -0.002905 0.171689 0.009959 0.069777 0.100494 0.033759 0.003533  1448987135
-0.033508 -0.002839 0.170434 0.009969 0.069223 0.099738 0.033570 0.003511  1448987144
-0.033274 -0.002866 0.169253 0.009958 0.068729 0.099027 0.033290 0.003536  1448987153
-0.032997 -0.002801 0.168028 0.009975 0.068222 0.098278 0.033052 0.003540  1448987162
-0.032771 -0.002813 0.166911 0.009954 0.067736 0.097554 0.032794 0.003594  1448987171
-0.032536 -0.002801 0.165421 0.009943 0.067234 0.096825 0.032536 0.003613  1448987180
-0.032299 -0.002771 0.164229 0.009963 0.066727 0.096104 0.032309 0.003634  1448987189
-0.032054 -0.002749 0.162979 0.010003 0.066221 0.095377 0.032120 0.003619  1448987198
-0.031818 -0.002713 0.161990 0.009968 0.065711 0.094654 0.031859 0.003673  1448987207
-0.031604 -0.002716 0.160658 0.009980 0.065250 0.094007 0.031642 0.003657  1448987216
-0.031377 -0.002675 0.159610 0.009986 0.064797 0.093334 0.031416 0.003693  1448987225
-0.031142 -0.002663 0.158413 0.009966 0.064319 0.092679 0.031185 0.003691  1448987234
-0.030941 -0.002636 0.157284 0.009966 0.063877 0.092027 0.030958 0.003734  1448987243
-0.030720 -0.002613 0.156198 0.009967 0.063429 0.091409 0.030744 0.003740  1448987252
-0.030516 -0.002612 0.155304 0.009952 0.062960 0.090755 0.030548 0.003728  1448987261
-0.030278 -0.002575 0.153769 0.009935 0.062532 0.090067 0.030316 0.003771  1448987270
-0.030069 -0.002556 0.152758 0.009936 0.062136 0.089501 0.030130 0.003760  1448987279
-0.029841 -0.002539 0.151769 0.009944 0.061634 0.088824 0.029909 0.003783  1448987289
-0.029641 -0.002530 0.150704 0.010019 0.061237 0.088235 0.029693 0.003797  1448987298
-0.029473 -0.002510 0.149689 0.009977 0.060830 0.087613 0.029546 0.003826  1448987307
-0.029297 -0.002528 0.148710 0.009933 0.060420 0.087087 0.029321 0.003847  1448987316
-0.029069 -0.002478 0.147707 0.009966 0.060035 0.086481 0.029140 0.003825  1448987325
-0.028905 -0.002482 0.146727 0.009948 0.059626 0.085946 0.028933 0.003853  1448987334
-0.028736 -0.002473 0.145811 0.009963 0.059251 0.085402 0.028781 0.003848  1448987343
-0.028534 -0.002446 0.144870 0.009968 0.058881 0.084854 0.028626 0.003844  1448987352
-0.028329 -0.002413 0.143994 0.009951 0.058518 0.084297 0.028429 0.003900  1448987361
-0.028152 -0.002404 0.143090 0.009951 0.058151 0.083790 0.028241 0.003918  1448987370
-0.028014 -0.002361 0.142243 0.009980 0.057759 0.083294 0.028074 0.003894  1448987379
-0.027850 -0.002361 0.141311 0.009940 0.057434 0.082755 0.027914 0.003918  1448987388
-0.027657 -0.002350 0.140414 0.009931 0.057081 0.082265 0.027753 0.003920  1448987397
-0.027480 -0.002312 0.139577 0.009954 0.056723 0.081749 0.027550 0.003970  1448987406
-0.027363 -0.002324 0.138744 0.009968 0.056360 0.081273 0.027423 0.003949  1448987415
-0.027141 -0.002317 0.137923 0.009965 0.056007 0.080692 0.027290 0.003946  1448987424
-0.026935 -0.002308 0.137025 0.009960 0.055675 0.080251 0.027077 0.003998  1448987433
-0.026811 -0.002267 0.136235 0.009996 0.055314 0.079778 0.026928 0.004009  1448987442
-0.026694 -0.002295 0.135446 0.010007 0.054972 0.079311 0.026798 0.003979  1448987451
-0.026502 -0.002287 0.134677 0.009963 0.054671 0.078806 0.026582 0.004019  1448987461
-0.026398 -0.002254 0.133936 0.009957 0.054363 0.078402 0.026455 0.004000  1448987470
-0.026175 -0.002210 0.133164 0.009961 0.054005 0.077916 0.026269 0.004031  1448987479
-0.026081 -0.002164 0.132314 0.009955 0.053743 0.077447 0.026188 0.004070  1448987488
-0.025911 -0.002211 0.131585 0.009952 0.053390 0.077012 0.026016 0.004045  1448987497
-0.025759 -0.002167 0.130850 0.009970 0.053084 0.076551 0.025842 0.004052  1448987506
-0.025616 -0.002164 0.130109 0.010013 0.052764 0.076121 0.025703 0.004063  1448987515
-0.025500 -0.002156 0.129316 0.009970 0.052481 0.075692 0.025563 0.004110  1448987524
-0.025311 -0.002145 0.128571 0.009968 0.052135 0.075226 0.025444 0.004079  1448987533
-0.025173 -0.002133 0.127856 0.010006 0.051854 0.074816 0.025304 0.004099  1448987542
-0.025035 -0.002154 0.127112 0.009966 0.051557 0.074375 0.025150 0.004117  1448987551
-0.024920 -0.002091 0.126390 0.009957 0.051277 0.073992 0.024985 0.004151  1448987560
-0.024774 -0.002106 0.125692 0.009961 0.050965 0.073576 0.024875 0.004128  1448987569
-0.024606 -0.002071 0.125060 0.009987 0.050656 0.073161 0.024751 0.004137  1448987578
-0.024510 -0.002111 0.124313 0.009972 0.050392 0.072716 0.024601 0.004147  1448987587
-0.024376 -0.002032 0.123642 0.009961 0.050130 0.072364 0.024452 0.004194  1448987596
-0.024247 -0.002056 0.122956 0.009952 0.049862 0.071973 0.024339 0.004157  1448987605
-0.024122 -0.002038 0.122279 0.009954 0.049605 0.071568 0.024209 0.004193  1448987614
-0.023901 -0.002006 0.121691 0.009934 0.049375 0.071185 0.024072 0.004221  1448987623
-0.023856 -0.001986 0.121026 0.009975 0.049067 0.070812 0.023971 0.004195  1448987632
-0.023709 -0.001999 0.120385 0.009978 0.048792 0.070429 0.023881 0.004187  1448987642
-0.023554 -0.001995 0.119834 0.009962 0.048529 0.070063 0.023714 0.004232  1448987651
-0.023465 -0.001961 0.119149 0.009930 0.048303 0.069737 0.023581 0.004216  1448987660
-0.023352 -0.001963 0.118579 0.009938 0.048020 0.069303 0.023440 0.004225  1448987669
-0.023207 -0.001947 0.117940 0.009988 0.047797 0.068966 0.023376 0.004230  1448987678
-0.023141 -0.001955 0.117336 0.009959 0.047559 0.068637 0.023256 0.004274  1448987687
-0.022981 -0.001926 0.116772 0.009967 0.047327 0.068317 0.023108 0.004296  1448987696
-0.022927 -0.001943 0.116348 0.009928 0.047049 0.067910 0.022976 0.004244  1448987705
-0.022814 -0.001902 0.115629 0.009957 0.046842 0.067639 0.022925 0.004290  1448987714
-0.022681 -0.001962 0.115079 0.009983 0.046564 0.067264 0.022816 0.004266  1448987723
-0.022558 -0.001945 0.114527 0.009971 0.046358 0.066924 0.022723 0.004279  1448987732
-0.022424 -0.001884 0.113964 0.009950 0.046116 0.066618 0.022632 0.004289  1448987741
-0.022349 -0.001866 0.113391 0.009962 0.045911 0.066316 0.022500 0.004328  1448987750
-0.022224 -0.001822 0.112868 0.009900 0.045758 0.066037 0.022325 0.004344  1448987759
-0.022111 -0.001834 0.112362 0.009915 0.045532 0.065735 0.022256 0.004351  1448987768
-0.022027 -0.001845 0.111875 0.009961 0.045275 0.065403 0.022197 0.004347  1448987777
-0.021960 -0.001873 0.111377 0.009983 0.045052 0.065102 0.022111 0.004326  1448987786
-0.021838 -0.001835 0.110858 0.009971 0.044842 0.064767 0.022007 0.004345  1448987795
-0.021724 -0.001814 0.110562 0.009946 0.044639 0.064482 0.021870 0.004378  1448987804
-0.021652 -0.001814 0.109960 0.009980 0.044457 0.064222 0.021743 0.004384  1448987814
-0.021590 -0.001810 0.109359 0.009969 0.044252 0.063939 0.021672 0.004370  1448987823
-0.021471 -0.001808 0.108856 0.009935 0.044044 0.063633 0.021591 0.004361  1448987832
-0.021360 -0.001816 0.108358 0.009950 0.043860 0.063337 0.021461 0.004414  1448987841
-0.021279 -0.001775 0.107911 0.009956 0.043651 0.063061 0.021417 0.004399  1448987850
-0.021134 -0.001754 0.107391 0.010001 0.043414 0.062756 0.021323 0.004416  1448987859
-0.021075 -0.001815 0.106889 0.009941 0.043256 0.062510 0.021276 0.004436  1448987868
-0.020944 -0.001777 0.106489 0.009989 0.043031 0.062241 0.021136 0.004405  1448987877
-0.020899 -0.001752 0.106050 0.009925 0.042931 0.061930 0.021069 0.004434  1448987886
-0.020816 -0.001793 0.105594 0.009954 0.042655 0.061707 0.020953 0.004419  1448987895
-0.020737 -0.001713 0.105188 0.009950 0.042493 0.061430 0.020852 0.004445  1448987904
-0.020650 -0.001679 0.104722 0.009951 0.042309 0.061141 0.020830 0.004460  1448987913
-0.020518 -0.001707 0.104309 0.009974 0.042170 0.060900 0.020680 0.004470  1448987922
-0.020464 -0.001688 0.103866 0.009954 0.041973 0.060672 0.020584 0.004475  1448987931
-0.020391 -0.001694 0.103569 0.009926 0.041790 0.060441 0.020479 0.004482  1448987940
-0.020320 -0.001694 0.103231 0.009955 0.041647 0.060199 0.020486 0.004494  1448987949
-0.020245 -0.001690 0.102818 0.009936 0.041433 0.059944 0.020337 0.004506  1448987958
-0.020168 -0.001665 0.102327 0.009959 0.041329 0.059750 0.020283 0.004478  1448987967
-0.020058 -0.001693 0.101951 0.009951 0.041118 0.059468 0.020235 0.004463  1448987976
-0.019963 -0.001671 0.101503 0.009944 0.040965 0.059201 0.020171 0.004484  1448987986
-0.019883 -0.001660 0.101265 0.009974 0.040802 0.059006 0.020088 0.004527  1448987995
-0.019816 -0.001639 0.100863 0.009961 0.040655 0.058772 0.020010 0.004494  1448988004
-0.019752 -0.001643 0.100422 0.009998 0.040479 0.058542 0.019967 0.004547  1448988013
-0.019714 -0.001662 0.099988 0.009960 0.040300 0.058305 0.019860 0.004512  1448988022
-0.019636 -0.001623 0.099634 0.009980 0.040222 0.058145 0.019758 0.004524  1448988031
-0.019558 -0.001635 0.099289 0.009974 0.040008 0.057950 0.019670 0.004547  1448988040
-0.019457 -0.001635 0.098931 0.009958 0.039879 0.057703 0.019617 0.004550  1448988049
-0.019368 -0.001622 0.098569 0.009974 0.039746 0.057467 0.019604 0.004560  1448988058
-0.019357 -0.001626 0.098194 0.009955 0.039655 0.057335 0.019502 0.004573  1448988067
-0.019299 -0.001608 0.097898 0.009971 0.039481 0.057075 0.019477 0.004537  1448988076
-0.019209 -0.001590 0.097527 0.009958 0.039324 0.056902 0.019410 0.004586  1448988085
-0.019172 -0.001586 0.097292 0.009952 0.039163 0.056703 0.019313 0.004542  1448988094
-0.019062 -0.001586 0.096981 0.009979 0.039085 0.056511 0.019331 0.004590  1448988103
-0.018960 -0.001561 0.096679 0.010002 0.038933 0.056326 0.019239 0.004551  1448988112
-0.018926 -0.001589 0.096374 0.009947 0.038789 0.056112 0.019149 0.004564  1448988121
-0.018905 -0.001552 0.096187 0.009949 0.038685 0.055960 0.019086 0.004575  1448988130
-0.018856 -0.001559 0.095699 0.009925 0.038585 0.055806 0.019046 0.004624  1448988139
-0.018752 -0.001535 0.095419 0.009958 0.038433 0.055616 0.018971 0.004625  1448988149
-0.018740 -0.001572 0.095013 0.009938 0.038378 0.055488 0.018882 0.004617  1448988158
-0.018690 -0.001581 0.094804 0.010026 0.038222 0.055318 0.018831 0.004606  1448988167
-0.018650 -0.001602 0.094417 0.009991 0.038071 0.055109 0.018820 0.004597  1448988176
-0.018578 -0.001577 0.094087 0.009931 0.037955 0.054928 0.018722 0.004592  1448988185
-0.018500 -0.001534 0.093899 0.009958 0.037869 0.054777 0.018681 0.004651  1448988194
-0.018429 -0.001546 0.093590 0.009971 0.037741 0.054596 0.018628 0.004607  1448988203
-0.018368 -0.001556 0.093201 0.009978 0.037625 0.054420 0.018590 0.004649  1448988212
-0.018314 -0.001518 0.092944 0.009952 0.037502 0.054251 0.018515 0.004609  1448988221
-0.018288 -0.001548 0.092662 0.009945 0.037400 0.054098 0.018491 0.004671  1448988230
-0.018204 -0.001533 0.092403 0.009954 0.037271 0.053919 0.018373 0.004625  1448988239
-0.018185 -0.001515 0.092129 0.009945 0.037159 0.053769 0.018371 0.004671  1448988248
-0.018118 -0.001530 0.091865 0.009950 0.037042 0.053606 0.018270 0.004634  1448988257
-0.018054 -0.001534 0.091602 0.009956 0.036948 0.053458 0.018256 0.004646  1448988266
-0.018030 -0.001512 0.091384 0.009991 0.036823 0.053329 0.018219 0.004653  1448988275
-0.017998 -0.001537 0.091125 0.009927 0.036755 0.053167 0.018142 0.004664  1448988284
-0.017957 -0.001519 0.090963 0.009921 0.036633 0.053013 0.018118 0.004699  1448988293
-0.017881 -0.001477 0.090722 0.009939 0.036553 0.052900 0.018056 0.004678  1448988302
-0.017804 -0.001497 0.090355 0.009938 0.036459 0.052765 0.017985 0.004712  1448988311
-0.017801 -0.001489 0.090125 0.009966 0.036325 0.052602 0.017936 0.004715  1448988321
-0.017750 -0.001492 0.089928 0.009997 0.036247 0.052473 0.017912 0.004698  1448988330
-0.017715 -0.001488 0.089690 0.009970 0.036125 0.052312 0.017861 0.004672  1448988339
-0.017648 -0.001475 0.089438 0.009970 0.036042 0.052181 0.017819 0.004730  1448988348
-0.017607 -0.001471 0.089197 0.009974 0.035944 0.052062 0.017796 0.004688  1448988357
-0.017564 -0.001466 0.088985 0.009952 0.035856 0.051931 0.017748 0.004725  1448988366
-0.017514 -0.001498 0.088763 0.009946 0.035746 0.051800 0.017696 0.004682  1448988375
-0.017459 -0.001463 0.088551 0.009963 0.035655 0.051658 0.017667 0.004744  1448988384
-0.017438 -0.001448 0.088436 0.009952 0.035597 0.051530 0.017644 0.004708  1448988393
-0.017400 -0.001456 0.088223 0.009968 0.035506 0.051412 0.017590 0.004715  1448988402
-0.017315 -0.001477 0.087994 0.009989 0.035422 0.051258 0.017610 0.004735  1448988411
-0.017275 -0.001444 0.087843 0.009966 0.035375 0.051215 0.017509 0.004750  1448988420
-0.017274 -0.001438 0.087568 0.009958 0.035272 0.051083 0.017463 0.004719  1448988429
-0.017225 -0.001455 0.087335 0.009971 0.035202 0.050949 0.017447 0.004763  1448988438
-0.017222 -0.001450 0.087178 0.009953 0.035134 0.050812 0.017417 0.004759  1448988447
-0.017162 -0.001471 0.087007 0.009959 0.035034 0.050767 0.017335 0.004745  1448988456
-0.017179 -0.001454 0.086789 0.009949 0.034926 0.050653 0.017311 0.004747  1448988465
-0.017094 -0.001438 0.086597 0.009955 0.034901 0.050511 0.017239 0.004785  1448988474
-0.017088 -0.001396 0.086384 0.009974 0.034841 0.050391 0.017254 0.004786  1448988484
-0.017011 -0.001400 0.086200 0.009937 0.034725 0.050261 0.017205 0.004777  1448988493
-0.016936 -0.001395 0.085985 0.009934 0.034649 0.050170 0.017167 0.004793  1448988502
-0.016946 -0.001421 0.085860 0.009975 0.034553 0.050031 0.017123 0.004762  1448988511
-0.016921 -0.001419 0.085632 0.009976 0.034482 0.049901 0.017095 0.004804  1448988520
-0.016857 -0.001391 0.085421 0.009953 0.034434 0.049806 0.017069 0.004792  1448988529
-0.016803 -0.001406 0.085257 0.009951 0.034317 0.049700 0.017046 0.004782  1448988538
-0.016770 -0.001392 0.085196 0.009959 0.034253 0.049585 0.016962 0.004779  1448988547
-0.016763 -0.001374 0.085014 0.009955 0.034174 0.049489 0.016948 0.004766  1448988556
-0.016688 -0.001380 0.084802 0.009954 0.034069 0.049383 0.016922 0.004796  1448988565
-0.016657 -0.001374 0.084670 0.009966 0.034016 0.049269 0.016872 0.004777  1448988574
-0.016652 -0.001393 0.084461 0.009930 0.033932 0.049153 0.016849 0.004795  1448988583
-0.016602 -0.001353 0.084147 0.009964 0.033871 0.049046 0.016791 0.004827  1448988592
-0.016569 -0.001377 0.083936 0.009957 0.033798 0.048987 0.016776 0.004835  1448988601
-0.016493 -0.001388 0.083761 0.009983 0.033701 0.048834 0.016748 0.004783  1448988610
-0.016507 -0.001394 0.083614 0.009956 0.033631 0.048739 0.016685 0.004833  1448988619
-0.016446 -0.001389 0.083418 0.009955 0.033564 0.048624 0.016677 0.004784  1448988628
-0.016437 -0.001371 0.083278 0.009974 0.033499 0.048491 0.016633 0.004851  1448988637
-0.016369 -0.001372 0.083194 0.009975 0.033421 0.048413 0.016606 0.004807  1448988647
-0.016360 -0.001358 0.083018 0.009942 0.033347 0.048305 0.016576 0.004822  1448988656
-0.016304 -0.001353 0.082861 0.009951 0.033288 0.048211 0.016543 0.004823  1448988665
-0.016276 -0.001333 0.082698 0.009969 0.033227 0.048149 0.016487 0.004856  1448988674
-0.016282 -0.001361 0.082594 0.009965 0.033151 0.048037 0.016484 0.004840  1448988683
-0.016241 -0.001362 0.082376 0.009958 0.033082 0.047959 0.016451 0.004807  1448988692
-0.016210 -0.001348 0.082100 0.009955 0.033041 0.047850 0.016424 0.004833  1448988701
-0.016130 -0.001339 0.081953 0.009921 0.032975 0.047780 0.016394 0.004851  1448988710
-0.016140 -0.001361 0.081820 0.009959 0.032923 0.047694 0.016368 0.004861  1448988719
-0.016143 -0.001384 0.081681 0.009998 0.032825 0.047591 0.016332 0.004842  1448988728
-0.016119 -0.001352 0.081541 0.009974 0.032735 0.047485 0.016340 0.004820  1448988737
-0.016066 -0.001373 0.081360 0.009933 0.032707 0.047396 0.016269 0.004834  1448988746
-0.016013 -0.001352 0.081255 0.009971 0.032669 0.047333 0.016226 0.004847  1448988755
-0.015986 -0.001376 0.081104 0.009992 0.032592 0.047265 0.016255 0.004833  1448988764
-0.015979 -0.001338 0.080982 0.009980 0.032524 0.047188 0.016195 0.004882  1448988773
-0.015942 -0.001339 0.080845 0.009966 0.032505 0.047119 0.016172 0.004879  1448988782
-0.015933 -0.001334 0.080717 0.009940 0.032469 0.047063 0.016096 0.004844  1448988791
-0.015858 -0.001341 0.080563 0.009970 0.032446 0.046980 0.016143 0.004897  1448988801
-0.015883 -0.001331 0.080471 0.009940 0.032339 0.046862 0.016070 0.004862  1448988810
-0.015834 -0.001316 0.080348 0.010010 0.032299 0.046797 0.016080 0.004882  1448988819
-0.015863 -0.001367 0.080203 0.009928 0.032246 0.046763 0.016039 0.004908  1448988828
-0.015783 -0.001328 0.080082 0.009971 0.032217 0.046656 0.016048 0.004901  1448988837
-0.015704 -0.001308 0.080033 0.009947 0.032127 0.046553 0.015964 0.004855  1448988846
-0.015752 -0.001344 0.079834 0.009933 0.032070 0.046485 0.015978 0.004860  1448988855
-0.015704 -0.001280 0.079683 0.009928 0.032002 0.046378 0.015912 0.004908  1448988864
-0.015661 -0.001295 0.079556 0.009966 0.031940 0.046300 0.015908 0.004915  1448988873
-0.015660 -0.001327 0.079405 0.009998 0.031874 0.046211 0.015897 0.004881  1448988882
-0.015644 -0.001315 0.079252 0.009966 0.031864 0.046113 0.015817 0.004886  1448988891
-0.015596 -0.001296 0.079065 0.009941 0.031748 0.046048 0.015796 0.004917  1448988900
-0.015578 -0.001265 0.078834 0.009928 0.031728 0.045962 0.015735 0.004933  1448988909
-0.015536 -0.001303 0.078727 0.009960 0.031649 0.045846 0.015747 0.004922  1448988918
-0.015510 -0.001293 0.078549 0.009939 0.031538 0.045752 0.015722 0.004876  1448988927
-0.015459 -0.001288 0.078399 0.009964 0.031503 0.045634 0.015675 0.004950  1448988936
-0.015453 -0.001309 0.078281 0.009969 0.031457 0.045570 0.015667 0.004897  1448988945
-0.015407 -0.001280 0.078137 0.009989 0.031381 0.045489 0.015657 0.004904  1448988954
-0.015376 -0.001292 0.078013 0.009979 0.031345 0.045439 0.015582 0.004953  1448988963
-0.015399 -0.001289 0.077906 0.009933 0.031307 0.045361 0.015590 0.004947  1448988973
-0.015331 -0.001300 0.077746 0.009930 0.031274 0.045257 0.015587 0.004962  1448988982
-0.015328 -0.001281 0.077677 0.009928 0.031194 0.045179 0.015529 0.004918  1448988991
-0.015271 -0.001285 0.077542 0.010005 0.031110 0.045116 0.015515 0.004910  1448989000
-0.015307 -0.001275 0.077467 0.009966 0.031078 0.045065 0.015480 0.004970  1448989009
-0.015239 -0.001285 0.077345 0.009960 0.031031 0.044994 0.015429 0.004956  1448989018
-0.015204 -0.001248 0.077216 0.009957 0.030973 0.044923 0.015435 0.004911  1448989027
-0.015199 -0.001262 0.077088 0.009945 0.030964 0.044828 0.015445 0.004964  1448989036
-0.015169 -0.001236 0.076989 0.009964 0.030884 0.044776 0.015418 0.004925  1448989045
-0.015149 -0.001257 0.076873 0.009959 0.030821 0.044711 0.015366 0.004929  1448989054
-0.015128 -0.001272 0.076730 0.009961 0.030774 0.044628 0.015369 0.004926  1448989063
-0.015119 -0.001268 0.076634 0.009966 0.030709 0.044576 0.015331 0.004936  1448989072
-0.015094 -0.001264 0.076515 0.010005 0.030656 0.044486 0.015336 0.004938  1448989081
-0.015062 -0.001262 0.076323 0.009980 0.030607 0.044391 0.015270 0.004932  1448989090
-0.015056 -0.001288 0.076198 0.009988 0.030592 0.044354 0.015240 0.004990  1448989099
-0.015010 -0.001280 0.076115 0.010001 0.030545 0.044259 0.015247 0.004943  1448989108
-0.014971 -0.001240 0.075976 0.009968 0.030493 0.044169 0.015222 0.004996  1448989117
-0.014964 -0.001216 0.075882 0.009981 0.030431 0.044122 0.015183 0.004942  1448989127
-0.014940 -0.001245 0.075688 0.009992 0.030373 0.044069 0.015190 0.004998  1448989136
-0.014885 -0.001223 0.075551 0.009965 0.030380 0.043998 0.015138 0.004948  1448989145
-0.014862 -0.001234 0.075406 0.009998 0.030266 0.043908 0.015096 0.004955  1448989154
-0.014861 -0.001221 0.075316 0.009931 0.030248 0.043823 0.015074 0.005013  1448989163
-0.014827 -0.001245 0.075182 0.009979 0.030194 0.043825 0.015068 0.004986  1448989172
-0.014803 -0.001236 0.075107 0.009944 0.030162 0.043726 0.015067 0.005024  1448989181
-0.014799 -0.001248 0.074996 0.009975 0.030107 0.043649 0.015051 0.005025  1448989190
-0.014773 -0.001242 0.074863 0.009972 0.030067 0.043610 0.014986 0.005019  1448989199
-0.014775 -0.001235 0.074806 0.009961 0.030007 0.043559 0.014975 0.004974  1448989208
-0.014735 -0.001234 0.074678 0.009949 0.029971 0.043477 0.014960 0.005030  1448989217
-0.014717 -0.001205 0.074587 0.009937 0.029936 0.043421 0.014981 0.004991  1448989226
-0.014701 -0.001235 0.074499 0.009954 0.029885 0.043401 0.014923 0.005005  1448989235
-0.014689 -0.001216 0.074410 0.009936 0.029887 0.043319 0.014896 0.005033  1448989244
-0.014686 -0.001227 0.074330 0.009995 0.029826 0.043263 0.014908 0.005019  1448989253
-0.014633 -0.001214 0.074225 0.009949 0.029809 0.043202 0.014856 0.004984  1448989262
-0.014646 -0.001243 0.074164 0.009943 0.029770 0.043153 0.014855 0.005042  1448989271
-0.014622 -0.001210 0.074055 0.009950 0.029732 0.043103 0.014844 0.004992  1448989281
-0.014589 -0.001225 0.074079 0.009992 0.029686 0.043045 0.014827 0.004982  1448989290
-0.014578 -0.001220 0.073996 0.009949 0.029647 0.043016 0.014786 0.005046  1448989299
-0.014594 -0.001226 0.073918 0.009963 0.029617 0.042963 0.014790 0.005004  1448989308
-0.014584 -0.001232 0.073772 0.009959 0.029546 0.042917 0.014797 0.004997  1448989317
-0.014524 -0.001222 0.073675 0.009989 0.029538 0.042839 0.014761 0.004993  1448989326
-0.014528 -0.001221 0.073605 0.009970 0.029499 0.042773 0.014744 0.005052  1448989335
-0.014485 -0.001212 0.073503 0.009967 0.029465 0.042726 0.014741 0.004994  1448989344
-0.014503 -0.001191 0.073400 0.009971 0.029405 0.042674 0.014692 0.005062  1448989353
-0.014448 -0.001203 0.073302 0.009943 0.029396 0.042645 0.014666 0.005065  1448989362
-0.014445 -0.001191 0.073136 0.009980 0.029352 0.042541 0.014645 0.005049  1448989371
-0.014442 -0.001187 0.073062 0.009980 0.029324 0.042531 0.014654 0.005057  1448989380
-0.014401 -0.001196 0.072967 0.009943 0.029275 0.042474 0.014642 0.005009  1448989389
-0.014382 -0.001211 0.072914 0.009962 0.029285 0.042429 0.014623 0.005052  1448989398
-0.014382 -0.001210 0.072830 0.009972 0.029242 0.042410 0.014608 0.005069  1448989407
-0.014349 -0.001237 0.072728 0.009973 0.029191 0.042362 0.014592 0.005069  1448989416
-0.014324 -0.001180 0.072657 0.009961 0.029104 0.042281 0.014544 0.005028  1448989425
-0.014322 -0.001213 0.072561 0.009935 0.029099 0.042256 0.014532 0.005073  1448989434
-0.014309 -0.001208 0.072493 0.009964 0.029105 0.042200 0.014534 0.005031  1448989443
-0.014306 -0.001201 0.072386 0.009985 0.029021 0.042130 0.014582 0.005013  1448989452
-0.014253 -0.001172 0.072304 0.009961 0.029010 0.042065 0.014523 0.005052  1448989462
-0.014229 -0.001176 0.072243 0.009975 0.028974 0.042017 0.014514 0.005084  1448989471
-0.014227 -0.001178 0.072145 0.009947 0.028936 0.041955 0.014485 0.005020  1448989480
-0.014218 -0.001195 0.072145 0.009978 0.028870 0.041919 0.014461 0.005090  1448989489
-0.014206 -0.001181 0.072061 0.009976 0.028868 0.041890 0.014441 0.005024  1448989498
-0.014207 -0.001178 0.072075 0.009959 0.028826 0.041850 0.014401 0.005090  1448989507
-0.014195 -0.001154 0.071972 0.009953 0.028785 0.041798 0.014375 0.005035  1448989516
-0.014169 -0.001149 0.071861 0.009944 0.028769 0.041750 0.014368 0.005090  1448989525
-0.014167 -0.001155 0.071723 0.009923 0.028723 0.041703 0.014370 0.005067  1448989534
-0.014124 -0.001154 0.071607 0.009960 0.028706 0.041643 0.014365 0.005065  1448989543
-0.014106 -0.001163 0.071531 0.009938 0.028676 0.041601 0.014313 0.005103  1448989552
-0.014094 -0.001159 0.071492 0.009963 0.028633 0.041571 0.014299 0.005081  1448989561
-0.014064 -0.001171 0.071370 0.009983 0.028609 0.041481 0.014290 0.005059  1448989570
-0.014051 -0.001163 0.071280 0.009959 0.028557 0.041450 0.014324 0.005099  1448989579
-0.014020 -0.001209 0.071190 0.009970 0.028501 0.041432 0.014289 0.005106  1448989588
-0.014000 -0.001170 0.071107 0.009970 0.028489 0.041357 0.014263 0.005063  1448989597
-0.013998 -0.001166 0.071047 0.009932 0.028429 0.041268 0.014237 0.005111  1448989606
-0.013995 -0.001164 0.070955 0.009980 0.028446 0.041234 0.014205 0.005079  1448989615
-0.013968 -0.001194 0.070892 0.009981 0.028373 0.041182 0.014192 0.005117  1448989624
-0.013953 -0.001154 0.070794 0.009956 0.028343 0.041136 0.014174 0.005061  1448989633
-0.013918 -0.001149 0.070697 0.009959 0.028315 0.041086 0.014204 0.005113  1448989642
-0.013902 -0.001157 0.070644 0.009961 0.028269 0.041032 0.014154 0.005058  1448989652
-0.013893 -0.001150 0.070537 0.009943 0.028226 0.040984 0.014141 0.005123  1448989661
-0.013871 -0.001162 0.070470 0.009991 0.028172 0.040893 0.014101 0.005101  1448989670
-0.013885 -0.001157 0.070379 0.009972 0.028131 0.040868 0.014107 0.005068  1448989679
-0.013832 -0.001127 0.070286 0.009953 0.028141 0.040834 0.014069 0.005123  1448989688
-0.013836 -0.001143 0.070227 0.009968 0.028087 0.040801 0.014061 0.005121  1448989697
-0.013826 -0.001153 0.070117 0.009962 0.028056 0.040710 0.014070 0.005064  1448989706
-0.013816 -0.001140 0.070034 0.009955 0.028026 0.040708 0.014010 0.005124  1448989715
-0.013815 -0.001134 0.069955 0.009960 0.028002 0.040671 0.014007 0.005130  1448989724
-0.013793 -0.001149 0.069971 0.009976 0.027939 0.040587 0.013992 0.005092  1448989733
-0.013746 -0.001089 0.069869 0.009923 0.027954 0.040559 0.013976 0.005140  1448989742
-0.013754 -0.001119 0.069725 0.009969 0.027936 0.040506 0.013941 0.005099  1448989751
-0.013711 -0.001135 0.069658 0.009964 0.027844 0.040468 0.013990 0.005151  1448989760
-0.013747 -0.001144 0.069627 0.009929 0.027840 0.040433 0.013949 0.005094  1448989769
-0.013678 -0.001145 0.069494 0.009996 0.027838 0.040388 0.013937 0.005142  1448989778
-0.013691 -0.001143 0.069488 0.009972 0.027784 0.040352 0.013900 0.005093  1448989787
-0.013684 -0.001123 0.069423 0.009961 0.027765 0.040312 0.013902 0.005155  1448989796
-0.013634 -0.001132 0.069448 0.009966 0.027717 0.040255 0.013907 0.005092  1448989805
-0.013640 -0.001113 0.069374 0.009960 0.027685 0.040252 0.013843 0.005141  1448989814
-0.013685 -0.001137 0.069234 0.009930 0.027699 0.040208 0.013898 0.005092  1448989823
-0.013600 -0.001128 0.069166 0.010022 0.027676 0.040134 0.013902 0.005097  1448989833
-0.013598 -0.001132 0.069108 0.009987 0.027611 0.040108 0.013867 0.005122  1448989842
-0.013614 -0.001107 0.069069 0.009987 0.027634 0.040124 0.013815 0.005160  1448989851
-0.013626 -0.001124 0.069054 0.009972 0.027609 0.040087 0.013812 0.005121  1448989860
-0.013602 -0.001149 0.068967 0.009949 0.027557 0.040026 0.013806 0.005102  1448989869
-0.013592 -0.001129 0.068896 0.009948 0.027552 0.039996 0.013784 0.005141  1448989878
-0.013559 -0.001113 0.068931 0.009960 0.027534 0.039998 0.013800 0.005167  1448989887
-0.013553 -0.001092 0.068872 0.009992 0.027500 0.039956 0.013803 0.005149  1448989896
-0.013538 -0.001119 0.068813 0.009977 0.027474 0.039898 0.013787 0.005103  1448989905
-0.013551 -0.001115 0.068765 0.009969 0.027460 0.039885 0.013760 0.005173  1448989914
-0.013548 -0.001137 0.068689 0.009980 0.027443 0.039906 0.013742 0.005124  1448989923
-0.013529 -0.001139 0.068632 0.009989 0.027402 0.039815 0.013754 0.005116  1448989932
-0.013540 -0.001161 0.068471 0.009946 0.027346 0.039777 0.013748 0.005172  1448989941
-0.013468 -0.001134 0.068397 0.009958 0.027379 0.039749 0.013724 0.005169  1448989950
-0.013490 -0.001126 0.068354 0.009977 0.027346 0.039689 0.013707 0.005168  1448989959
-0.013482 -0.001128 0.068250 0.009959 0.027320 0.039631 0.013683 0.005112  1448989968
-0.013455 -0.001102 0.068229 0.009988 0.027260 0.039562 0.013681 0.005141  1448989977
-0.013466 -0.001139 0.068105 0.009991 0.027282 0.039618 0.013673 0.005182  1448989986
-0.013416 -0.001117 0.068114 0.009954 0.027221 0.039488 0.013630 0.005117  1448989995
-0.013408 -0.001124 0.068016 0.009973 0.027178 0.039487 0.013642 0.005121  1448990004
-0.013390 -0.001081 0.068107 0.009935 0.027159 0.039459 0.013603 0.005179  1448990013
-0.013398 -0.001095 0.068090 0.009976 0.027138 0.039451 0.013599 0.005169  1448990023
-0.013395 -0.001097 0.068043 0.009997 0.027108 0.039404 0.013627 0.005130  1448990032
-0.013395 -0.001129 0.068065 0.010013 0.027115 0.039380 0.013626 0.005136  1448990041
-0.013402 -0.001093 0.067971 0.009994 0.027069 0.039348 0.013579 0.005126  1448990050
-0.013361 -0.001108 0.068047 0.009975 0.027081 0.039328 0.013564 0.005199  1448990059
-0.013393 -0.001116 0.067994 0.009981 0.027057 0.039320 0.013564 0.005146  1448990068
-0.013361 -0.001072 0.067924 0.009957 0.027037 0.039297 0.013571 0.005147  1448990077
-0.013314 -0.001048 0.067891 0.009953 0.027043 0.039274 0.013549 0.005196  1448990086
-0.013325 -0.001095 0.067758 0.009928 0.027046 0.039269 0.013530 0.005187  1448990095
-0.013348 -0.001102 0.067680 0.009980 0.026983 0.039229 0.013534 0.005137  1448990104
-0.013291 -0.001079 0.067660 0.009953 0.026973 0.039165 0.013567 0.005155  1448990113
-0.013263 -0.001084 0.067631 0.009931 0.026980 0.039176 0.013521 0.005193  1448990122
-0.013307 -0.001064 0.067591 0.009982 0.026941 0.039154 0.013510 0.005158  1448990131
-0.013281 -0.001103 0.067559 0.009952 0.026942 0.039119 0.013516 0.005160  1448990140
-0.013277 -0.001076 0.067497 0.009963 0.026881 0.039119 0.013501 0.005169  1448990149
-0.013244 -0.001075 0.067472 0.009964 0.026889 0.039094 0.013468 0.005161  1448990158
-0.013223 -0.001066 0.067420 0.009981 0.026853 0.039029 0.013467 0.005158  1448990167
-0.013250 -0.001066 0.067364 0.009971 0.026857 0.038960 0.013481 0.005145  1448990176
-0.013232 -0.001086 0.067280 0.009961 0.026791 0.038948 0.013515 0.005142  1448990185
-0.013198 -0.001073 0.067261 0.009929 0.026752 0.038943 0.013446 0.005189  1448990194
-0.013201 -0.001099 0.067213 0.009981 0.026777 0.038891 0.013466 0.005159  1448990204
-0.013201 -0.001052 0.067215 0.009958 0.026732 0.038865 0.013434 0.005188  1448990213
-0.013193 -0.001094 0.067167 0.009955 0.026720 0.038871 0.013420 0.005214  1448990222
-0.013194 -0.001051 0.067136 0.009956 0.026707 0.038831 0.013434 0.005208  1448990231
-0.013188 -0.001063 0.066972 0.009955 0.026690 0.038760 0.013419 0.005162  1448990240
-0.013140 -0.001051 0.066900 0.009963 0.026655 0.038721 0.013404 0.005222  1448990249
-0.013144 -0.001078 0.066861 0.009962 0.026634 0.038697 0.013375 0.005172  1448990258
-0.013120 -0.001077 0.066785 0.009963 0.026616 0.038680 0.013376 0.005210  1448990267
-0.013139 -0.001071 0.066681 0.009961 0.026601 0.038652 0.013322 0.005228  1448990276
-0.013159 -0.001120 0.066669 0.009975 0.026579 0.038610 0.013338 0.005168  1448990285
-0.013124 -0.001077 0.066516 0.009960 0.026525 0.038562 0.013293 0.005159  1448990294
-0.013118 -0.001081 0.066429 0.009960 0.026523 0.038526 0.013312 0.005191  1448990303
-0.013094 -0.001085 0.066347 0.009959 0.026486 0.038462 0.013324 0.005164  1448990312
-0.013041 -0.001072 0.066289 0.009997 0.026471 0.038443 0.013307 0.005164  1448990321
-0.013057 -0.001089 0.066271 0.009963 0.026460 0.038413 0.013287 0.005169  1448990330
-0.013053 -0.001066 0.066199 0.009968 0.026422 0.038364 0.013257 0.005166  1448990339
-0.013026 -0.001058 0.066121 0.009972 0.026405 0.038346 0.013242 0.005229  1448990348
-0.013008 -0.001066 0.066060 0.010007 0.026361 0.038294 0.013262 0.005200  1448990357
-0.012973 -0.001095 0.065990 0.009942 0.026354 0.038269 0.013231 0.005172  1448990366
-0.012969 -0.001093 0.065910 0.010013 0.026299 0.038146 0.013262 0.005181  1448990376
-0.012934 -0.001051 0.065840 0.009983 0.026234 0.038165 0.013205 0.005215  1448990385
-0.012942 -0.001049 0.065900 0.009950 0.026250 0.038138 0.013180 0.005241  1448990394
-0.012982 -0.001040 0.065784 0.009945 0.026259 0.038156 0.013187 0.005251  1448990403
-0.012935 -0.001042 0.065726 0.009957 0.026196 0.038078 0.013141 0.005233  1448990412
-0.012931 -0.001019 0.065674 0.009924 0.026186 0.038064 0.013120 0.005248  1448990421
-0.012920 -0.001073 0.065601 0.009969 0.026155 0.038000 0.013154 0.005195  1448990430
-0.012886 -0.001075 0.065436 0.009952 0.026096 0.037924 0.013113 0.005188  1448990439
-0.012869 -0.001002 0.065373 0.009952 0.026107 0.037900 0.013119 0.005246  1448990448
-0.012843 -0.001042 0.065330 0.009959 0.026069 0.037857 0.013112 0.005230  1448990457
-0.012846 -0.001046 0.065262 0.010000 0.026029 0.037823 0.013113 0.005190  1448990466
-0.012828 -0.001045 0.065215 0.009980 0.025986 0.037784 0.013077 0.005232  1448990475
-0.012848 -0.001070 0.065162 0.009983 0.025955 0.037799 0.013100 0.005223  1448990484
-0.012806 -0.001042 0.065105 0.009948 0.025953 0.037692 0.013074 0.005208  1448990493
-0.012782 -0.001046 0.065030 0.009936 0.025960 0.037679 0.013031 0.005263  1448990502
-0.012817 -0.001050 0.064972 0.009968 0.025907 0.037679 0.013033 0.005261  1448990511
-0.012830 -0.001028 0.064954 0.009985 0.025909 0.037651 0.013030 0.005257  1448990520
-0.012792 -0.001045 0.064914 0.009961 0.025912 0.037622 0.013015 0.005255  1448990529
-0.012788 -0.001045 0.064871 0.009971 0.025854 0.037588 0.012967 0.005274  1448990538
-0.012787 -0.001044 0.064809 0.009954 0.025863 0.037554 0.013000 0.005210  1448990547
-0.012737 -0.001066 0.064758 0.009948 0.025813 0.037541 0.012995 0.005276  1448990557
-0.012721 -0.000997 0.064730 0.009960 0.025795 0.037500 0.012940 0.005233  1448990566
-0.012740 -0.001029 0.064715 0.009965 0.025791 0.037507 0.012978 0.005209  1448990575
-0.012727 -0.001051 0.064667 0.009958 0.025792 0.037447 0.012972 0.005279  1448990584
-0.012722 -0.001037 0.064809 0.009971 0.025730 0.037457 0.012967 0.005273  1448990593
-0.012708 -0.001029 0.064770 0.010007 0.025736 0.037417 0.012939 0.005209  1448990602
-0.012722 -0.001052 0.064724 0.009984 0.025730 0.037395 0.012945 0.005272  1448990611
-0.012720 -0.001040 0.064676 0.009948 0.025689 0.037357 0.012876 0.005215  1448990620
-0.012743 -0.001057 0.064607 0.009938 0.025644 0.037305 0.012894 0.005268  1448990629
-0.012682 -0.001026 0.064583 0.009954 0.025668 0.037325 0.012882 0.005266  1448990638
-0.012657 -0.001015 0.064525 0.009946 0.025684 0.037297 0.012894 0.005242  1448990647
-0.012665 -0.001038 0.064491 0.009962 0.025638 0.037253 0.012927 0.005221  1448990656
-0.012617 -0.001000 0.064374 0.009940 0.025638 0.037245 0.012896 0.005273  1448990665
-0.012647 -0.001019 0.064391 0.009954 0.025628 0.037221 0.012874 0.005282  1448990674
-0.012655 -0.001042 0.064342 0.009972 0.025578 0.037210 0.012896 0.005214  1448990683
-0.012633 -0.001040 0.064329 0.009986 0.025589 0.037196 0.012920 0.005278  1448990692
-0.012611 -0.001017 0.064285 0.009964 0.025576 0.037168 0.012862 0.005289  1448990701
-0.012603 -0.001050 0.064244 0.009958 0.025580 0.037164 0.012866 0.005285  1448990710
-0.012617 -0.001051 0.064230 0.009967 0.025540 0.037158 0.012845 0.005244  1448990719
-0.012590 -0.001036 0.064196 0.009962 0.025541 0.037137 0.012842 0.005223  1448990728
-0.012609 -0.001030 0.064191 0.009950 0.025528 0.037103 0.012873 0.005280  1448990738
-0.012608 -0.001027 0.064129 0.009966 0.025507 0.037088 0.012846 0.005248  1448990747
-0.012558 -0.001015 0.064142 0.010016 0.025530 0.037041 0.012893 0.005225  1448990756
-0.012617 -0.001044 0.064083 0.009972 0.025471 0.037010 0.012805 0.005224  1448990765
-0.012617 -0.001047 0.064059 0.009987 0.025456 0.037009 0.012847 0.005233  1448990774
-0.012564 -0.001030 0.063993 0.009953 0.025435 0.036991 0.012828 0.005227  1448990783
-0.012535 -0.000996 0.063911 0.009947 0.025444 0.036971 0.012812 0.005282  1448990792
-0.012550 -0.000995 0.063916 0.009914 0.025451 0.036978 0.012800 0.005288  1448990801
-0.012553 -0.001035 0.063861 0.009945 0.025455 0.036987 0.012782 0.005295  1448990810
-0.012555 -0.001002 0.063869 0.009978 0.025439 0.036936 0.012779 0.005277  1448990819
-0.012571 -0.001052 0.063874 0.009994 0.025362 0.036919 0.012763 0.005245  1448990828
-0.012549 -0.001037 0.063820 0.009973 0.025364 0.036886 0.012768 0.005252  1448990837
-0.012553 -0.001022 0.063751 0.009975 0.025365 0.036880 0.012757 0.005304  1448990846
-0.012537 -0.001020 0.063710 0.009964 0.025321 0.036850 0.012757 0.005243  1448990855
-0.012522 -0.001016 0.063645 0.009960 0.025321 0.036816 0.012755 0.005273  1448990864
-0.012515 -0.000982 0.063595 0.009879 0.025342 0.036790 0.012732 0.005305  1448990873
-0.012491 -0.000972 0.063532 0.009940 0.025357 0.036778 0.012677 0.005309  1448990882
-0.012498 -0.001015 0.063525 0.009986 0.025277 0.036725 0.012707 0.005274  1448990891
-0.012513 -0.000997 0.063494 0.009929 0.025222 0.036702 0.012723 0.005253  1448990900
-0.012478 -0.001040 0.063444 0.009959 0.025242 0.036680 0.012668 0.005294  1448990910
-0.012392 -0.001026 0.063371 0.009952 0.025161 0.036688 0.012684 0.005282  1448990919
-0.012434 -0.000981 0.063364 0.009962 0.025196 0.036585 0.012662 0.005241  1448990928
-0.012436 -0.001021 0.063295 0.009998 0.025181 0.036597 0.012670 0.005284  1448990937
-0.012483 -0.001050 0.063256 0.009953 0.025139 0.036580 0.012658 0.005293  1448990946
-0.012462 -0.001033 0.063246 0.009973 0.025147 0.036549 0.012679 0.005254  1448990955
-0.012426 -0.001020 0.063174 0.009985 0.025072 0.036475 0.012684 0.005247  1448990964
-0.012379 -0.000988 0.063136 0.009972 0.025088 0.036480 0.012662 0.005304  1448990973
-0.012390 -0.001007 0.063057 0.009957 0.025086 0.036471 0.012620 0.005267  1448990982
-0.012417 -0.001024 0.063049 0.009968 0.025055 0.036449 0.012611 0.005304  1448990991
-0.012419 -0.001028 0.062979 0.009947 0.025054 0.036444 0.012602 0.005314  1448991000
-0.012386 -0.001001 0.062927 0.010002 0.025035 0.036396 0.012622 0.005264  1448991009
-0.012364 -0.000990 0.062905 0.009948 0.025010 0.036351 0.012611 0.005253  1448991018
-0.012341 -0.000994 0.062859 0.009935 0.025012 0.036338 0.012616 0.005322  1448991027
-0.012345 -0.000983 0.062846 0.009938 0.025028 0.036358 0.012568 0.005324  1448991036
-0.012370 -0.001004 0.062841 0.009942 0.024980 0.036345 0.012502 0.005291  1448991045
-0.012397 -0.000995 0.062768 0.009921 0.024965 0.036326 0.012523 0.005325  1448991054
-0.012356 -0.000994 0.062711 0.009923 0.024959 0.036306 0.012483 0.005319  1448991063
-0.012367 -0.000981 0.062668 0.009959 0.024972 0.036337 0.012490 0.005318  1448991072
-0.012337 -0.000976 0.062648 0.009952 0.024931 0.036205 0.012544 0.005262  1448991082
-0.012300 -0.000957 0.062607 0.009955 0.024887 0.036164 0.012544 0.005266  1448991091
-0.012285 -0.000995 0.062589 0.009969 0.024850 0.036149 0.012498 0.005268  1448991100
-0.012299 -0.000990 0.062537 0.009966 0.024868 0.036125 0.012504 0.005262  1448991109
-0.012307 -0.000954 0.062517 0.009968 0.024854 0.036137 0.012503 0.005262  1448991118
-0.012282 -0.000986 0.062484 0.009963 0.024837 0.036112 0.012496 0.005270  1448991127
-0.012323 -0.001021 0.062428 0.009904 0.024841 0.036101 0.012471 0.005331  1448991136
-0.012306 -0.001008 0.062406 0.009953 0.024843 0.036130 0.012488 0.005324  1448991145
-0.012257 -0.000994 0.062434 0.009962 0.024785 0.036063 0.012466 0.005282  1448991154
-0.012307 -0.001046 0.062348 0.009936 0.024789 0.036034 0.012481 0.005291  1448991163
-0.012239 -0.000974 0.062286 0.009960 0.024793 0.036016 0.012493 0.005265  1448991172
-0.012250 -0.000971 0.062276 0.009941 0.024756 0.036010 0.012512 0.005322  1448991181
-0.012245 -0.000989 0.062249 0.009963 0.024745 0.035986 0.012485 0.005345  1448991190
-0.012217 -0.001005 0.062223 0.009948 0.024765 0.035980 0.012484 0.005271  1448991199
-0.012194 -0.000990 0.062150 0.009983 0.024729 0.035925 0.012478 0.005286  1448991208
-0.012194 -0.000973 0.062178 0.009963 0.024718 0.035948 0.012456 0.005345  1448991217
-0.012204 -0.000996 0.062183 0.009993 0.024685 0.035941 0.012463 0.005285  1448991226
-0.012230 -0.001016 0.062231 0.009985 0.024662 0.035894 0.012442 0.005288  1448991235
-0.012195 -0.000983 0.062186 0.009956 0.024681 0.035878 0.012431 0.005334  1448991244
-0.012229 -0.001007 0.062133 0.009956 0.024660 0.035891 0.012406 0.005310  1448991253
-0.012208 -0.001014 0.062108 0.009966 0.024627 0.035851 0.012401 0.005285  1448991263
-0.012162 -0.000968 0.062021 0.009984 0.024607 0.035815 0.012399 0.005340  1448991272
-0.012164 -0.000963 0.062049 0.009947 0.024603 0.035802 0.012416 0.005350  1448991281
-0.012174 -0.000961 0.061969 0.009969 0.024599 0.035804 0.012396 0.005351  1448991290
-0.012160 -0.000981 0.061963 0.009943 0.024588 0.035751 0.012402 0.005297  1448991299
-0.012166 -0.000979 0.061970 0.009961 0.024590 0.035729 0.012372 0.005291  1448991308
-0.012168 -0.000970 0.061871 0.009926 0.024584 0.035751 0.012419 0.005350  1448991317
-0.012102 -0.000972 0.061886 0.009959 0.024565 0.035669 0.012366 0.005332  1448991326
-0.012128 -0.000979 0.061703 0.009950 0.024541 0.035673 0.012342 0.005339  1448991335
-0.012141 -0.000976 0.061713 0.009954 0.024556 0.035701 0.012325 0.005348  1448991344
-0.012155 -0.000963 0.061670 0.009951 0.024534 0.035644 0.012386 0.005354  1448991353
-0.012150 -0.000990 0.061671 0.010032 0.024493 0.035616 0.012353 0.005297  1448991362
-0.012103 -0.001013 0.061605 0.010005 0.024445 0.035585 0.012381 0.005286  1448991371
-0.012102 -0.001017 0.061570 0.009968 0.024450 0.035571 0.012323 0.005333  1448991380
-0.012084 -0.000987 0.061473 0.009938 0.024440 0.035545 0.012334 0.005303  1448991389
-0.012056 -0.000946 0.061423 0.009935 0.024471 0.035532 0.012309 0.005364  1448991398
-0.012096 -0.000972 0.061456 0.009951 0.024423 0.035507 0.012330 0.005307  1448991407
-0.012061 -0.000993 0.061403 0.009975 0.024372 0.035431 0.012350 0.005297  1448991416
-0.012010 -0.000978 0.061311 0.009984 0.024370 0.035428 0.012307 0.005323  1448991425
-0.012000 -0.000969 0.061260 0.009982 0.024344 0.035413 0.012319 0.005350  1448991434
-0.012061 -0.000950 0.061273 0.009945 0.024364 0.035431 0.012261 0.005363  1448991444
-0.012049 -0.001003 0.061200 0.009916 0.024318 0.035389 0.012264 0.005314  1448991453
-0.012027 -0.000950 0.061226 0.009964 0.024327 0.035363 0.012246 0.005323  1448991462
-0.012006 -0.000984 0.061129 0.009946 0.024303 0.035384 0.012260 0.005373  1448991471
-0.012022 -0.000987 0.061134 0.009956 0.024290 0.035319 0.012230 0.005369  1448991480
-0.012002 -0.000976 0.061089 0.009963 0.024314 0.035322 0.012258 0.005369  1448991489
-0.011981 -0.001000 0.061044 0.009937 0.024241 0.035284 0.012245 0.005305  1448991498
-0.011972 -0.000989 0.061019 0.009943 0.024245 0.035287 0.012251 0.005326  1448991507
-0.012011 -0.000973 0.061004 0.009958 0.024240 0.035270 0.012253 0.005371  1448991516
-0.011979 -0.000975 0.060973 0.009967 0.024203 0.035241 0.012233 0.005370  1448991525
-0.012000 -0.000972 0.060936 0.009980 0.024186 0.035226 0.012222 0.005306  1448991534
-0.011982 -0.000999 0.060921 0.009955 0.024218 0.035202 0.012210 0.005369  1448991543
-0.011941 -0.000955 0.060863 0.009941 0.024230 0.035201 0.012209 0.005370  1448991552
-0.011956 -0.000986 0.060869 0.009959 0.024200 0.035199 0.012216 0.005320  1448991561
-0.011983 -0.000968 0.060896 0.009920 0.024189 0.035169 0.012191 0.005345  1448991570
-0.011980 -0.000984 0.060863 0.009951 0.024162 0.035152 0.012219 0.005305  1448991579
-0.011941 -0.000953 0.060815 0.009946 0.024183 0.035159 0.012215 0.005364  1448991588
-0.011951 -0.000964 0.060820 0.009947 0.024163 0.035168 0.012211 0.005360  1448991597
-0.011956 -0.000975 0.060818 0.009987 0.024160 0.035122 0.012244 0.005308  1448991606
-0.011925 -0.000971 0.060750 0.009947 0.024125 0.035093 0.012186 0.005343  1448991615
-0.011961 -0.000931 0.060764 0.009972 0.024115 0.035114 0.012188 0.005368  1448991625
-0.011946 -0.000976 0.060743 0.009984 0.024149 0.035101 0.012160 0.005329  1448991634
-0.011945 -0.000993 0.060701 0.009968 0.024122 0.035079 0.012158 0.005356  1448991643
-0.011958 -0.000983 0.060651 0.009954 0.024120 0.035072 0.012136 0.005317  1448991652
-0.011940 -0.000958 0.060677 0.009976 0.024107 0.035027 0.012152 0.005313  1448991661
-0.011931 -0.000934 0.060713 0.009972 0.024100 0.035023 0.012165 0.005316  1448991670
-0.011932 -0.000954 0.060694 0.009972 0.024081 0.035012 0.012137 0.005373  1448991679
-0.011918 -0.000945 0.060640 0.009952 0.024064 0.034994 0.012178 0.005387  1448991688
-0.011871 -0.000939 0.060647 0.009982 0.024048 0.034956 0.012122 0.005320  1448991697
-0.011895 -0.000954 0.060597 0.009957 0.024045 0.034947 0.012102 0.005332  1448991706
-0.011919 -0.000952 0.060552 0.009932 0.024027 0.034965 0.012138 0.005375  1448991715
-0.011863 -0.000938 0.060491 0.009933 0.024053 0.034924 0.012118 0.005396  1448991724
-0.011907 -0.000949 0.060506 0.009980 0.023977 0.034923 0.012106 0.005391  1448991733
-0.011894 -0.000997 0.060499 0.009979 0.023972 0.034910 0.012108 0.005324  1448991742
-0.011869 -0.000966 0.060353 0.009958 0.023992 0.034881 0.012106 0.005376  1448991751
-0.011868 -0.000977 0.060351 0.009964 0.024006 0.034899 0.012104 0.005400  1448991760
-0.011858 -0.000972 0.060320 0.009963 0.023967 0.034871 0.012051 0.005320  1448991769
-0.011844 -0.000962 0.060289 0.009908 0.023980 0.034856 0.012066 0.005397  1448991778
-0.011883 -0.000956 0.060269 0.009919 0.023981 0.034871 0.012075 0.005385  1448991787
-0.011855 -0.000957 0.060204 0.009947 0.023950 0.034812 0.012096 0.005333  1448991796
-0.011816 -0.000946 0.060177 0.009955 0.023944 0.034765 0.012083 0.005377  1448991806
-0.011795 -0.000933 0.060177 0.009946 0.023951 0.034794 0.012067 0.005395  1448991815
-0.011809 -0.000943 0.060150 0.009965 0.023906 0.034758 0.012069 0.005398  1448991824
-0.011824 -0.000970 0.060083 0.009962 0.023890 0.034704 0.012079 0.005310  1448991833
-0.011841 -0.000957 0.060037 0.009950 0.023906 0.034727 0.012025 0.005405  1448991842
-0.011799 -0.000970 0.059993 0.009971 0.023830 0.034716 0.012035 0.005402  1448991851
-0.011800 -0.000970 0.059949 0.009986 0.023853 0.034663 0.012033 0.005387  1448991860
-0.011780 -0.000986 0.059914 0.009938 0.023844 0.034680 0.012040 0.005406  1448991869
-0.011770 -0.000958 0.059895 0.009909 0.023770 0.034611 0.012014 0.005356  1448991878
-0.011766 -0.000948 0.059855 0.009982 0.023785 0.034601 0.012018 0.005351  1448991887
-0.011787 -0.000950 0.059814 0.009952 0.023742 0.034567 0.011997 0.005393  1448991896
-0.011773 -0.000963 0.059789 0.009912 0.023745 0.034582 0.011955 0.005410  1448991905
-0.011754 -0.000922 0.059760 0.009947 0.023776 0.034535 0.011992 0.005411  1448991914
-0.011755 -0.000961 0.059772 0.009978 0.023714 0.034534 0.011993 0.005354  1448991923
-0.011749 -0.000983 0.059737 0.009972 0.023734 0.034506 0.011979 0.005390  1448991932
-0.011741 -0.000962 0.059665 0.009950 0.023713 0.034486 0.011983 0.005417  1448991941
-0.011729 -0.000949 0.059649 0.009974 0.023694 0.034485 0.012000 0.005354  1448991950
-0.011705 -0.000933 0.059621 0.009961 0.023679 0.034438 0.011976 0.005358  1448991959
-0.011722 -0.000932 0.059615 0.009951 0.023684 0.034417 0.011983 0.005416  1448991968
-0.011718 -0.000954 0.059576 0.009950 0.023667 0.034416 0.011961 0.005348  1448991977
-0.011719 -0.000960 0.059547 0.009956 0.023630 0.034418 0.011956 0.005405  1448991987
-0.011716 -0.000930 0.059581 0.009950 0.023672 0.034463 0.011940 0.005416  1448991996
-0.011724 -0.000979 0.059569 0.009978 0.023646 0.034401 0.011963 0.005349  1448992005
-0.011707 -0.000979 0.059534 0.009958 0.023625 0.034383 0.011952 0.005380  1448992014
-0.011704 -0.000954 0.059526 0.009943 0.023644 0.034429 0.011913 0.005417  1448992023
-0.011735 -0.000944 0.059510 0.009953 0.023628 0.034399 0.011916 0.005359  1448992032
-0.011710 -0.000946 0.059588 0.009927 0.023625 0.034381 0.011964 0.005373  1448992041
-0.011703 -0.000943 0.059605 0.009928 0.023627 0.034383 0.011950 0.005365  1448992050
-0.011720 -0.000950 0.059601 0.009951 0.023635 0.034395 0.011952 0.005430  1448992059
-0.011740 -0.000932 0.059610 0.009936 0.023602 0.034371 0.011947 0.005416  1448992068
-0.011651 -0.000972 0.059612 0.009944 0.023616 0.034389 0.011962 0.005360  1448992077
-0.011690 -0.000938 0.059629 0.009996 0.023607 0.034372 0.011942 0.005352  1448992086
-0.011706 -0.000941 0.059622 0.009971 0.023606 0.034377 0.011937 0.005378  1448992095
-0.011692 -0.000977 0.059608 0.009935 0.023638 0.034397 0.011955 0.005419  1448992104
-0.011683 -0.000927 0.059595 0.009960 0.023626 0.034393 0.011952 0.005405  1448992113
-0.011697 -0.000952 0.059592 0.009974 0.023620 0.034394 0.011925 0.005389  1448992122
-0.011716 -0.000968 0.059596 0.009964 0.023616 0.034373 0.011940 0.005369  1448992131
-0.011693 -0.000928 0.059585 0.009959 0.023627 0.034383 0.011902 0.005419  1448992140
-0.011715 -0.000946 0.059507 0.009983 0.023654 0.034392 0.011917 0.005372  1448992149
-0.011704 -0.000964 0.059497 0.009962 0.023618 0.034390 0.011935 0.005343  1448992158
-0.011672 -0.000954 0.059475 0.009942 0.023650 0.034370 0.011945 0.005409  1448992168
-0.011710 -0.000921 0.059452 0.009954 0.023629 0.034362 0.011936 0.005372  1448992177
-0.011701 -0.000963 0.059466 0.009972 0.023582 0.034348 0.011959 0.005351  1448992186
-0.011666 -0.000928 0.059415 0.009946 0.023610 0.034340 0.011911 0.005405  1448992195
-0.011671 -0.000955 0.059418 0.009976 0.023597 0.034325 0.011936 0.005423  1448992204
-0.011720 -0.000962 0.059415 0.009987 0.023577 0.034314 0.011930 0.005353  1448992213
-0.011691 -0.000950 0.059443 0.009933 0.023586 0.034319 0.011926 0.005367  1448992222
-0.011696 -0.000947 0.059407 0.009938 0.023590 0.034309 0.011919 0.005366  1448992231
-0.011665 -0.000960 0.059362 0.009980 0.023588 0.034290 0.011884 0.005354  1448992240
-0.011665 -0.000926 0.059361 0.009958 0.023548 0.034277 0.011895 0.005420  1448992249
-0.011683 -0.000950 0.059330 0.009947 0.023555 0.034262 0.011899 0.005347  1448992258
-0.011647 -0.000950 0.059319 0.009934 0.023548 0.034229 0.011865 0.005399  1448992267
-0.011668 -0.000932 0.059275 0.009977 0.023520 0.034254 0.011887 0.005424  1448992276
-0.011657 -0.000977 0.059253 0.009994 0.023521 0.034217 0.011864 0.005357  1448992285
-0.011650 -0.000958 0.059219 0.009971 0.023525 0.034208 0.011845 0.005421  1448992294
-0.011637 -0.000956 0.059156 0.009928 0.023489 0.034171 0.011869 0.005382  1448992303
-0.011621 -0.000929 0.059160 0.009934 0.023507 0.034172 0.011860 0.005408  1448992312
-0.011623 -0.000912 0.059123 0.009949 0.023494 0.034179 0.011840 0.005426  1448992321
-0.011641 -0.000936 0.059121 0.009964 0.023469 0.034155 0.011854 0.005417  1448992330
-0.011620 -0.000963 0.059085 0.009958 0.023431 0.034083 0.011861 0.005362  1448992340
-0.011629 -0.000946 0.059024 0.009948 0.023456 0.034114 0.011813 0.005433  1448992349
-0.011567 -0.000953 0.059002 0.009928 0.023456 0.034125 0.011841 0.005388  1448992358
-0.011587 -0.000927 0.058967 0.009935 0.023427 0.034061 0.011848 0.005392  1448992367
-0.011572 -0.000909 0.058948 0.009942 0.023422 0.034061 0.011815 0.005434  1448992376
-0.011584 -0.000940 0.058940 0.009967 0.023405 0.034032 0.011841 0.005377  1448992385
-0.011574 -0.000949 0.058875 0.009966 0.023369 0.034007 0.011864 0.005382  1448992394
-0.011557 -0.000921 0.058881 0.009965 0.023372 0.033980 0.011836 0.005421  1448992403
-0.011561 -0.000953 0.058868 0.009979 0.023370 0.033975 0.011782 0.005371  1448992412
-0.011549 -0.000948 0.058799 0.009983 0.023355 0.033957 0.011782 0.005435  1448992421
-0.011567 -0.000929 0.058768 0.010007 0.023343 0.033976 0.011786 0.005383  1448992430
-0.011559 -0.000942 0.058730 0.010000 0.023330 0.033935 0.011769 0.005389  1448992439
-0.011565 -0.000930 0.058711 0.009948 0.023312 0.033916 0.011779 0.005463  1448992448
-0.011548 -0.000950 0.058662 0.009997 0.023279 0.033886 0.011776 0.005376  1448992457
-0.011547 -0.000947 0.058638 0.009966 0.023267 0.033865 0.011777 0.005439  1448992466
-0.011537 -0.000948 0.058599 0.009942 0.023267 0.033823 0.011763 0.005444  1448992475
-0.011529 -0.000945 0.058578 0.009978 0.023242 0.033826 0.011754 0.005417  1448992484
-0.011502 -0.000950 0.058551 0.009973 0.023239 0.033802 0.011757 0.005388  1448992493
-0.011494 -0.000931 0.058504 0.009983 0.023216 0.033756 0.011739 0.005385  1448992502
-0.011491 -0.000953 0.058424 0.009962 0.023195 0.033781 0.011739 0.005388  1448992511
-0.011469 -0.000913 0.058415 0.009964 0.023193 0.033752 0.011740 0.005432  1448992520
-0.011479 -0.000931 0.058392 0.009949 0.023190 0.033735 0.011724 0.005396  1448992530
-0.011482 -0.000929 0.058375 0.009979 0.023168 0.033707 0.011732 0.005433  1448992539
-0.011468 -0.000932 0.058403 0.009987 0.023132 0.033681 0.011718 0.005416  1448992548
-0.011483 -0.000950 0.058366 0.009992 0.023139 0.033692 0.011698 0.005404  1448992557
-0.011486 -0.000967 0.058348 0.009952 0.023160 0.033675 0.011691 0.005416  1448992566
-0.011463 -0.000961 0.058343 0.009977 0.023140 0.033669 0.011687 0.005402  1448992575
-0.011478 -0.000928 0.058334 0.009944 0.023149 0.033691 0.011679 0.005456  1448992584
-0.011494 -0.000974 0.058327 0.009982 0.023117 0.033673 0.011692 0.005401  1448992593
-0.011456 -0.000948 0.058285 0.009989 0.023138 0.033631 0.011687 0.005410  1448992602
-0.011475 -0.000909 0.058303 0.009918 0.023157 0.033566 0.011651 0.005387  1448992611
-0.011441 -0.000934 0.058216 0.009928 0.023082 0.033604 0.011688 0.005407  1448992620
-0.011439 -0.000919 0.058206 0.009964 0.023068 0.033614 0.011686 0.005406  1448992629
-0.011405 -0.000950 0.058286 0.009962 0.023067 0.033578 0.011638 0.005402  1448992638
-0.011471 -0.000941 0.058252 0.009968 0.023070 0.033627 0.011663 0.005458  1448992647
-0.011424 -0.000918 0.058269 0.009963 0.023073 0.033557 0.011670 0.005393  1448992656
-0.011428 -0.000956 0.058254 0.009928 0.023047 0.033571 0.011646 0.005421  1448992665
-0.011398 -0.000904 0.058191 0.009969 0.023063 0.033530 0.011690 0.005449  1448992674
-0.011424 -0.000912 0.058205 0.009947 0.023025 0.033574 0.011637 0.005452  1448992683
-0.011432 -0.000931 0.058200 0.009931 0.023065 0.033569 0.011646 0.005418  1448992692
-0.011427 -0.000931 0.058184 0.009982 0.023053 0.033522 0.011657 0.005419  1448992701
-0.011432 -0.000959 0.058049 0.009988 0.023028 0.033508 0.011667 0.005387  1448992711
-0.011424 -0.000910 0.058044 0.009955 0.023023 0.033506 0.011634 0.005422  1448992720
-0.011425 -0.000946 0.058031 0.009935 0.023061 0.033521 0.011600 0.005457  1448992729
-0.011428 -0.000936 0.058043 0.009967 0.023047 0.033536 0.011626 0.005434  1448992738
-0.011425 -0.000937 0.057999 0.009956 0.022994 0.033480 0.011635 0.005399  1448992747
-0.011396 -0.000923 0.057973 0.009944 0.023006 0.033476 0.011662 0.005452  1448992756
-0.011385 -0.000932 0.057949 0.009950 0.022983 0.033428 0.011658 0.005421  1448992765
-0.011368 -0.000912 0.057946 0.009956 0.023025 0.033422 0.011631 0.005449  1448992774
-0.011389 -0.000930 0.057931 0.009970 0.022975 0.033442 0.011630 0.005415  1448992783
-0.011391 -0.000910 0.057908 0.009953 0.022964 0.033439 0.011622 0.005464  1448992792
-0.011376 -0.000947 0.057836 0.009954 0.022980 0.033433 0.011633 0.005472  1448992801
-0.011386 -0.000924 0.057830 0.009950 0.022978 0.033431 0.011610 0.005473  1448992810
-0.011371 -0.000937 0.057927 0.009973 0.022969 0.033403 0.011592 0.005410  1448992819
-0.011397 -0.000891 0.057846 0.009950 0.022911 0.033411 0.011628 0.005404  1448992828
-0.011353 -0.000941 0.057860 0.009938 0.022963 0.033412 0.011605 0.005418  1448992837
-0.011386 -0.000919 0.057817 0.009909 0.022926 0.033398 0.011581 0.005465  1448992846
-0.011368 -0.000934 0.057804 0.009983 0.022946 0.033371 0.011615 0.005469  1448992855
-0.011339 -0.000931 0.057847 0.010004 0.022917 0.033344 0.011635 0.005415  1448992864
-0.011370 -0.000926 0.057803 0.009952 0.022898 0.033381 0.011582 0.005415  1448992873
-0.011381 -0.000951 0.057810 0.009931 0.022929 0.033329 0.011600 0.005393  1448992882
-0.011367 -0.000944 0.057789 0.009925 0.022972 0.033358 0.011588 0.005468  1448992892
