%%
%%   +-------+--------------+  Top            This diagram illustrates what
%%   |       |              |                 the columns in this file
%%   |       |_             /\                correspond to.  Voltages are
%%   |      /+ \     +--------------+         all in volts.
%%   |     | V3 |    |      __      |
%%   |      \-_/     |     /  \     |         In addition to V1...V7, column
%%   +---+   |  +---(|----|-V2+|----|)---+    eight is the thermocouple
%%   /   |_  |  |_   |     \__/     |    |_   voltage, column nine is an
%%   \  /+ \ | /+ \  |              |   /+ \  encoded time.
%%   / | V4 ||| V5 | |              |  | V6 |
%%   \  \-_/ | \-_/  |      __      |   \-_/
%%   /   |   |  |    |     /  \     |    |
%%   +---+   |  +---(|----|-V1+|----|)---+
%%   |       |  |_   |     \__/     |
%%   8 I     | /+ \  |              |
%%   |       || V7 | +--------------+
%%   |       | \-_/         \/
%%   |       |  |           |
%%   +-------+--+-----------+  Bottom
%%
%% Measurement started Tue Nov 24 12:24:34 2015
-0.026575 0.003656 0.143194 0.009981 0.055801 0.085396 0.025849 -0.000253  1448385893
-0.025513 0.003599 0.137790 0.009913 0.053771 0.082455 0.024890 -0.000681  1448385902
-0.024418 0.003632 0.133102 0.009946 0.051709 0.079039 0.023912 -0.000909  1448385911
-0.023638 0.003740 0.127922 0.010028 0.049471 0.076198 0.022997 -0.000779  1448385920
-0.022712 0.003739 0.122860 0.009941 0.047669 0.073684 0.022088 -0.001120  1448385929
-0.021704 0.003690 0.118805 0.009937 0.045861 0.070779 0.021320 -0.001442  1448385938
-0.020972 0.003813 0.114656 0.010022 0.044003 0.068140 0.020541 -0.001437  1448385947
-0.020314 0.003837 0.110212 0.009955 0.042330 0.066061 0.019825 -0.001466  1448385956
-0.019479 0.003735 0.106697 0.009904 0.040922 0.063826 0.019177 -0.001874  1448385965
-0.018799 0.003844 0.103450 0.010032 0.039386 0.061467 0.018559 -0.001884  1448385974
-0.018329 0.003893 0.099757 0.010016 0.037921 0.059712 0.017967 -0.001775  1448385983
-0.017663 0.003794 0.096665 0.009917 0.036761 0.058031 0.017419 -0.002201  1448385992
-0.017084 0.003806 0.094171 0.010034 0.035458 0.056003 0.016961 -0.002269  1448386001
-0.016688 0.003956 0.090961 0.009969 0.034242 0.054534 0.016422 -0.002147  1448386010
-0.016112 0.003800 0.088829 0.009972 0.033315 0.053012 0.016004 -0.002547  1448386020
-0.015766 0.003969 0.086055 0.009989 0.032161 0.051622 0.015581 -0.002321  1448386029
-0.015298 0.003798 0.084117 0.009921 0.031404 0.050280 0.015222 -0.002757  1448386038
-0.014977 0.003971 0.081831 0.009982 0.030305 0.048918 0.014815 -0.002435  1448386047
-0.014573 0.003850 0.079808 0.009906 0.029626 0.047956 0.014475 -0.002882  1448386056
-0.014223 0.003925 0.078150 0.010009 0.028739 0.046551 0.014176 -0.002829  1448386065
-0.013942 0.003940 0.075970 0.009930 0.028024 0.045798 0.013864 -0.002889  1448386074
-0.013529 0.003855 0.074751 0.009959 0.027412 0.044618 0.013591 -0.003105  1448386083
-0.013340 0.004025 0.072875 0.009962 0.026616 0.043726 0.013288 -0.002861  1448386092
-0.013017 0.003879 0.071429 0.009893 0.026140 0.042959 0.013036 -0.003232  1448386101
-0.012756 0.003923 0.070344 0.010009 0.025483 0.041883 0.012748 -0.003173  1448386110
-0.012649 0.003961 0.068581 0.009963 0.024934 0.041383 0.012487 -0.003127  1448386119
-0.012271 0.003864 0.067690 0.009942 0.024470 0.040492 0.012349 -0.003422  1448386128
-0.012081 0.004014 0.066359 0.009985 0.023878 0.039710 0.012112 -0.003180  1448386137
-0.011828 0.003935 0.065107 0.009896 0.023501 0.039279 0.011921 -0.003467  1448386146
-0.011626 0.003952 0.064408 0.009984 0.023014 0.038377 0.011726 -0.003434  1448386155
-0.011543 0.003989 0.063024 0.009969 0.022600 0.038027 0.011524 -0.003366  1448386164
-0.011247 0.003857 0.062271 0.009928 0.022245 0.037346 0.011350 -0.003676  1448386173
-0.011132 0.003969 0.061526 0.010013 0.021800 0.036697 0.011181 -0.003545  1448386182
-0.011055 0.003972 0.060362 0.009956 0.021492 0.036450 0.011005 -0.003479  1448386192
-0.010786 0.003880 0.059934 0.009928 0.021210 0.035805 0.010945 -0.003741  1448386201
-0.010754 0.003947 0.058748 0.009936 0.020868 0.035563 0.010741 -0.003583  1448386210
-0.010516 0.003984 0.058359 0.009992 0.020546 0.034797 0.010642 -0.003681  1448386219
-0.010435 0.003924 0.057483 0.009915 0.020325 0.034730 0.010506 -0.003815  1448386228
-0.010198 0.003997 0.056891 0.010041 0.019928 0.034042 0.010351 -0.003612  1448386237
-0.010155 0.003871 0.056448 0.009959 0.019844 0.033870 0.010296 -0.003921  1448386246
-0.010053 0.004051 0.055594 0.009966 0.019488 0.033440 0.010134 -0.003610  1448386255
-0.009871 0.003904 0.055147 0.009908 0.019358 0.033176 0.010056 -0.003969  1448386264
-0.009809 0.004007 0.054809 0.010040 0.019036 0.032673 0.009967 -0.003837  1448386273
-0.009756 0.003964 0.053964 0.009936 0.018847 0.032642 0.009791 -0.003829  1448386282
-0.009608 0.003923 0.053851 0.009953 0.018689 0.032126 0.009768 -0.003954  1448386291
-0.009587 0.004069 0.052994 0.009926 0.018487 0.031995 0.009667 -0.003730  1448386300
-0.009358 0.003934 0.052854 0.009958 0.018318 0.031685 0.009640 -0.004078  1448386309
-0.009379 0.004049 0.052335 0.010024 0.018127 0.031421 0.009507 -0.003764  1448386318
-0.009312 0.003902 0.051937 0.009935 0.018032 0.031339 0.009478 -0.004084  1448386327
-0.009245 0.004024 0.051674 0.010019 0.017789 0.030881 0.009374 -0.003946  1448386336
-0.009208 0.003977 0.051126 0.009903 0.017731 0.030939 0.009278 -0.004047  1448386345
-0.009066 0.003992 0.051081 0.010013 0.017521 0.030466 0.009284 -0.004024  1448386354
-0.009081 0.004028 0.050409 0.009946 0.017413 0.030502 0.009154 -0.003988  1448386363
-0.008937 0.003911 0.050428 0.010002 0.017292 0.030143 0.009199 -0.004140  1448386373
-0.008924 0.004069 0.049791 0.009945 0.017132 0.030053 0.008995 -0.003915  1448386382
-0.008818 0.003949 0.049832 0.009976 0.017111 0.029846 0.009115 -0.004204  1448386391
-0.008877 0.004039 0.049255 0.009930 0.016942 0.029822 0.008935 -0.004058  1448386400
-0.008721 0.004041 0.049163 0.010024 0.016790 0.029447 0.008950 -0.003964  1448386409
-0.008728 0.003906 0.049032 0.009940 0.016776 0.029470 0.008913 -0.004266  1448386418
-0.008701 0.004096 0.048521 0.009949 0.016621 0.029332 0.008785 -0.004000  1448386427
-0.008551 0.003957 0.048606 0.010020 0.016540 0.029019 0.008793 -0.004151  1448386436
-0.008639 0.004017 0.048115 0.009930 0.016462 0.029162 0.008757 -0.004178  1448386445
-0.008442 0.004015 0.048190 0.009994 0.016353 0.028723 0.008743 -0.004161  1448386454
-0.008529 0.004018 0.047711 0.009909 0.016326 0.028923 0.008604 -0.004161  1448386463
-0.008442 0.004022 0.047808 0.009983 0.016209 0.028560 0.008621 -0.004173  1448386472
-0.008512 0.004028 0.047332 0.009931 0.016140 0.028678 0.008615 -0.004167  1448386481
-0.008325 0.004012 0.047492 0.010009 0.016049 0.028323 0.008604 -0.004194  1448386490
-0.008415 0.004042 0.047006 0.009960 0.015975 0.028454 0.008533 -0.004172  1448386499
-0.008267 0.003981 0.047167 0.010027 0.015886 0.028123 0.008547 -0.004228  1448386508
-0.008348 0.004045 0.046704 0.009947 0.015870 0.028280 0.008431 -0.004162  1448386517
-0.008249 0.003990 0.046885 0.010036 0.015791 0.028003 0.008499 -0.004246  1448386526
-0.008318 0.004034 0.046424 0.009939 0.015731 0.028074 0.008430 -0.004196  1448386535
-0.008164 0.003994 0.046583 0.009992 0.015688 0.027805 0.008406 -0.004247  1448386544
-0.008259 0.004059 0.046152 0.009917 0.015682 0.027967 0.008340 -0.004222  1448386554
-0.008171 0.003986 0.046351 0.010002 0.015590 0.027646 0.008375 -0.004260  1448386563
-0.008202 0.004089 0.045861 0.009986 0.015554 0.027822 0.008332 -0.004222  1448386572
-0.008059 0.003956 0.046166 0.009958 0.015519 0.027544 0.008319 -0.004339  1448386581
-0.008158 0.004058 0.045765 0.009912 0.015517 0.027708 0.008270 -0.004281  1448386590
-0.008055 0.004103 0.045729 0.009992 0.015381 0.027449 0.008217 -0.004113  1448386599
-0.007987 0.003957 0.045864 0.010023 0.015405 0.027382 0.008282 -0.004345  1448386608
-0.008128 0.004102 0.045396 0.009931 0.015356 0.027507 0.008199 -0.004232  1448386617
-0.007995 0.004024 0.045574 0.009983 0.015231 0.027241 0.008244 -0.004234  1448386626
-0.008026 0.003994 0.045476 0.009989 0.015333 0.027354 0.008278 -0.004422  1448386635
-0.008022 0.004076 0.045240 0.009982 0.015196 0.027271 0.008160 -0.004092  1448386644
-0.007986 0.003940 0.045322 0.009945 0.015254 0.027211 0.008256 -0.004434  1448386653
-0.007987 0.004105 0.045067 0.009991 0.015131 0.027165 0.008165 -0.004104  1448386662
-0.007936 0.003946 0.045215 0.009967 0.015191 0.027160 0.008198 -0.004445  1448386671
-0.007994 0.004107 0.044975 0.009982 0.015088 0.027061 0.008113 -0.004107  1448386680
-0.007918 0.003946 0.045097 0.009956 0.015133 0.027033 0.008168 -0.004436  1448386689
-0.007960 0.004091 0.044792 0.009993 0.015026 0.027061 0.008091 -0.004134  1448386698
-0.007879 0.003935 0.045031 0.009985 0.015083 0.026939 0.008150 -0.004418  1448386707
-0.007942 0.004098 0.044666 0.009961 0.015016 0.027009 0.008037 -0.004155  1448386716
-0.007865 0.003968 0.044937 0.009985 0.015027 0.026860 0.008091 -0.004399  1448386725
-0.007947 0.004093 0.044550 0.009931 0.014989 0.026996 0.008040 -0.004213  1448386735
-0.007836 0.003983 0.044808 0.009949 0.014975 0.026804 0.008083 -0.004369  1448386744
-0.007915 0.004081 0.044481 0.009957 0.014970 0.026893 0.008043 -0.004178  1448386753
-0.007782 0.003966 0.044823 0.010018 0.014965 0.026752 0.008143 -0.004412  1448386762
-0.007861 0.004135 0.044418 0.009972 0.014896 0.026911 0.008021 -0.004272  1448386771
-0.007825 0.004044 0.044498 0.010013 0.014844 0.026674 0.008036 -0.004228  1448386780
-0.007843 0.003947 0.044619 0.009982 0.014902 0.026707 0.008073 -0.004456  1448386789
-0.007908 0.004075 0.044328 0.009916 0.014902 0.026858 0.008051 -0.004358  1448386798
-0.007841 0.004106 0.044366 0.009977 0.014793 0.026647 0.007983 -0.004134  1448386807
-0.007760 0.003939 0.044527 0.010015 0.014850 0.026638 0.008044 -0.004383  1448386816
-0.007886 0.004051 0.044270 0.009928 0.014851 0.026818 0.008047 -0.004390  1448386825
-0.007804 0.004059 0.044333 0.009960 0.014796 0.026570 0.007978 -0.004195  1448386834
-0.007804 0.003982 0.044338 0.009931 0.014879 0.026735 0.008033 -0.004481  1448386843
-0.007833 0.004093 0.044180 0.009988 0.014757 0.026622 0.007972 -0.004144  1448386852
-0.007737 0.003946 0.044417 0.009995 0.014818 0.026610 0.008020 -0.004465  1448386861
-0.007849 0.004105 0.044069 0.009928 0.014769 0.026702 0.007999 -0.004284  1448386870
-0.007699 0.004056 0.044373 0.009984 0.014756 0.026467 0.007991 -0.004338  1448386879
-0.007819 0.004051 0.044094 0.009924 0.014785 0.026717 0.008003 -0.004376  1448386888
-0.007742 0.004012 0.044323 0.010055 0.014706 0.026440 0.008026 -0.004295  1448386897
-0.007811 0.003986 0.044166 0.009932 0.014805 0.026664 0.008029 -0.004452  1448386906
-0.007772 0.004079 0.044172 0.009978 0.014711 0.026510 0.007966 -0.004169  1448386916
-0.007770 0.003953 0.044270 0.009929 0.014831 0.026631 0.007997 -0.004489  1448386925
-0.007847 0.004095 0.044067 0.009994 0.014731 0.026530 0.007940 -0.004149  1448386934
-0.007745 0.003975 0.044285 0.009969 0.014774 0.026530 0.007983 -0.004458  1448386943
-0.007820 0.004114 0.044067 0.010012 0.014723 0.026577 0.007959 -0.004180  1448386952
-0.007721 0.003958 0.044296 0.009999 0.014736 0.026487 0.007994 -0.004373  1448386961
-0.007824 0.003974 0.044201 0.009923 0.014787 0.026636 0.008047 -0.004489  1448386970
-0.007813 0.004108 0.043975 0.009910 0.014754 0.026624 0.007964 -0.004246  1448386979
-0.007737 0.004060 0.044129 0.009999 0.014688 0.026428 0.007911 -0.004238  1448386988
-0.007719 0.003976 0.044308 0.009973 0.014738 0.026485 0.008024 -0.004439  1448386997
-0.007829 0.004087 0.044004 0.009940 0.014709 0.026634 0.007982 -0.004337  1448387006
-0.007732 0.004059 0.044221 0.010002 0.014722 0.026410 0.007931 -0.004329  1448387015
-0.007803 0.004010 0.044088 0.009890 0.014790 0.026662 0.007981 -0.004460  1448387024
-0.007772 0.004094 0.044088 0.009983 0.014680 0.026467 0.007923 -0.004174  1448387033
-0.007746 0.003972 0.044210 0.009941 0.014801 0.026573 0.007989 -0.004490  1448387042
-0.007781 0.004144 0.043959 0.009942 0.014695 0.026566 0.007964 -0.004184  1448387051
-0.007715 0.003962 0.044284 0.010029 0.014734 0.026447 0.008004 -0.004400  1448387060
-0.007815 0.004124 0.043965 0.009923 0.014737 0.026642 0.007998 -0.004340  1448387069
-0.007736 0.004057 0.044220 0.010030 0.014673 0.026403 0.007970 -0.004303  1448387078
-0.007790 0.003985 0.044123 0.009972 0.014778 0.026636 0.008016 -0.004475  1448387088
-0.007764 0.004077 0.044069 0.010012 0.014684 0.026488 0.007937 -0.004147  1448387097
-0.007719 0.003944 0.044275 0.009970 0.014774 0.026523 0.008007 -0.004476  1448387106
-0.007813 0.004122 0.043966 0.009929 0.014726 0.026611 0.007917 -0.004184  1448387115
-0.007731 0.003987 0.044319 0.009977 0.014775 0.026508 0.007973 -0.004371  1448387124
-0.007849 0.004046 0.044028 0.009905 0.014741 0.026697 0.007968 -0.004333  1448387133
-0.007752 0.004030 0.044248 0.010009 0.014691 0.026385 0.007996 -0.004338  1448387142
-0.007826 0.004047 0.044197 0.009932 0.014796 0.026653 0.008010 -0.004467  1448387151
-0.007804 0.004115 0.043991 0.009960 0.014744 0.026631 0.007959 -0.004258  1448387160
-0.007747 0.004074 0.044163 0.009999 0.014735 0.026444 0.007881 -0.004198  1448387169
-0.007678 0.004048 0.044389 0.010017 0.014776 0.026439 0.007969 -0.004407  1448387178
-0.007814 0.004037 0.044166 0.009907 0.014797 0.026671 0.008020 -0.004462  1448387187
-0.007803 0.004097 0.044026 0.009937 0.014688 0.026629 0.007962 -0.004174  1448387196
-0.007707 0.004010 0.044268 0.010006 0.014795 0.026447 0.008015 -0.004340  1448387205
-0.007798 0.004080 0.044127 0.009895 0.014791 0.026691 0.008012 -0.004457  1448387214
-0.007768 0.004107 0.044124 0.009975 0.014713 0.026538 0.007955 -0.004145  1448387223
-0.007718 0.003963 0.044372 0.009961 0.014819 0.026576 0.007993 -0.004442  1448387232
-0.007853 0.004090 0.044073 0.009933 0.014786 0.026725 0.007946 -0.004282  1448387241
-0.007766 0.004034 0.044311 0.009993 0.014767 0.026480 0.007998 -0.004306  1448387250
-0.007787 0.003973 0.044310 0.009928 0.014822 0.026652 0.008055 -0.004488  1448387259
-0.007820 0.004108 0.044119 0.010011 0.014755 0.026621 0.007980 -0.004159  1448387269
-0.007744 0.003976 0.044442 0.010016 0.014775 0.026528 0.008016 -0.004390  1448387278
-0.007857 0.004052 0.044149 0.009917 0.014788 0.026722 0.008005 -0.004351  1448387287
-0.007775 0.004053 0.044320 0.009995 0.014765 0.026518 0.007992 -0.004254  1448387296
-0.007810 0.003972 0.044382 0.009954 0.014851 0.026722 0.007997 -0.004478  1448387305
-0.007841 0.004120 0.044145 0.009959 0.014762 0.026683 0.007973 -0.004184  1448387314
-0.007755 0.003994 0.044466 0.010008 0.014827 0.026563 0.008007 -0.004351  1448387323
-0.007845 0.004047 0.044247 0.009907 0.014852 0.026772 0.008018 -0.004414  1448387332
-0.007809 0.004109 0.044215 0.009953 0.014766 0.026612 0.007964 -0.004140  1448387341
-0.007774 0.004054 0.044449 0.010002 0.014771 0.026491 0.007982 -0.004319  1448387350
-0.007799 0.003995 0.044544 0.009985 0.014853 0.026639 0.008023 -0.004437  1448387359
-0.007876 0.004069 0.044274 0.009887 0.014852 0.026802 0.008079 -0.004371  1448387368
-0.007790 0.004117 0.044239 0.009972 0.014773 0.026672 0.007943 -0.004143  1448387377
-0.007778 0.004032 0.044449 0.009972 0.014783 0.026546 0.008015 -0.004327  1448387386
-0.007806 0.003935 0.044499 0.009954 0.014882 0.026722 0.008084 -0.004476  1448387395
-0.007884 0.004101 0.044248 0.009966 0.014812 0.026733 0.007964 -0.004212  1448387404
-0.007744 0.004043 0.044520 0.010023 0.014835 0.026565 0.008022 -0.004322  1448387413
-0.007878 0.003969 0.044502 0.009957 0.014924 0.026784 0.008073 -0.004476  1448387422
-0.007849 0.004115 0.044268 0.009958 0.014819 0.026752 0.008006 -0.004171  1448387431
-0.007733 0.003998 0.044608 0.009990 0.014861 0.026625 0.008044 -0.004353  1448387440
-0.007894 0.004042 0.044410 0.009938 0.014881 0.026817 0.008081 -0.004385  1448387450
-0.007809 0.004073 0.044378 0.010000 0.014784 0.026700 0.007973 -0.004132  1448387459
-0.007843 0.003942 0.044642 0.009974 0.014884 0.026704 0.008075 -0.004437  1448387468
-0.007863 0.004092 0.044325 0.009906 0.014874 0.026865 0.008008 -0.004291  1448387477
-0.007797 0.004106 0.044567 0.009987 0.014882 0.026625 0.008027 -0.004292  1448387486
-0.007854 0.003995 0.044584 0.009941 0.014946 0.026827 0.008087 -0.004469  1448387495
-0.007865 0.004158 0.044357 0.009962 0.014864 0.026780 0.008060 -0.004159  1448387504
-0.007764 0.004018 0.044710 0.010014 0.014887 0.026693 0.008101 -0.004373  1448387513
-0.007902 0.004039 0.044392 0.009917 0.014897 0.026886 0.008056 -0.004318  1448387522
-0.007847 0.004035 0.044563 0.009988 0.014885 0.026674 0.008005 -0.004205  1448387531
-0.007811 0.003989 0.044736 0.009954 0.014893 0.026639 0.008071 -0.004323  1448387540
-0.007854 0.003965 0.044727 0.009973 0.014951 0.026820 0.008117 -0.004461  1448387549
-0.007921 0.004068 0.044523 0.009935 0.014934 0.026932 0.008056 -0.004411  1448387558
-0.007885 0.004126 0.044393 0.009943 0.014897 0.026845 0.008049 -0.004151  1448387567
-0.007797 0.004034 0.044678 0.010026 0.014856 0.026704 0.008040 -0.004258  1448387576
-0.007859 0.003943 0.044783 0.010003 0.014994 0.026832 0.008071 -0.004446  1448387585
-0.007926 0.004056 0.044583 0.009927 0.014955 0.026944 0.008110 -0.004404  1448387594
-0.007867 0.004122 0.044501 0.009983 0.014893 0.026777 0.008035 -0.004125  1448387603
-0.007785 0.004018 0.044817 0.009964 0.014985 0.026791 0.008110 -0.004392  1448387612
-0.007927 0.004024 0.044596 0.009932 0.014979 0.026988 0.008088 -0.004373  1448387621
-0.007856 0.004058 0.044651 0.010029 0.014914 0.026807 0.008035 -0.004130  1448387631
-0.007874 0.003903 0.044871 0.009995 0.014989 0.026818 0.008099 -0.004400  1448387640
-0.007911 0.004068 0.044580 0.009913 0.014985 0.027021 0.008131 -0.004334  1448387649
-0.007837 0.004095 0.044703 0.009963 0.014928 0.026758 0.008041 -0.004202  1448387658
-0.007848 0.003978 0.044869 0.009948 0.015025 0.026930 0.008110 -0.004448  1448387667
-0.007961 0.004074 0.044601 0.009965 0.014939 0.027017 0.008082 -0.004248  1448387676
-0.007864 0.004030 0.044837 0.010024 0.014923 0.026754 0.008109 -0.004296  1448387685
-0.007905 0.003972 0.044845 0.009950 0.015062 0.026984 0.008115 -0.004464  1448387694
-0.007967 0.004117 0.044642 0.010004 0.014973 0.026964 0.008095 -0.004147  1448387703
-0.007848 0.004001 0.044937 0.010028 0.014949 0.026790 0.008150 -0.004328  1448387712
-0.007953 0.004069 0.044715 0.009932 0.014988 0.027077 0.008120 -0.004382  1448387721
-0.007939 0.004113 0.044646 0.009934 0.015013 0.027015 0.008098 -0.004215  1448387730
-0.007887 0.004026 0.044761 0.010010 0.014984 0.026897 0.008092 -0.004119  1448387739
-0.007856 0.003975 0.044983 0.010009 0.014968 0.026861 0.008122 -0.004303  1448387748
-0.007927 0.003963 0.044997 0.010011 0.015093 0.026995 0.008150 -0.004457  1448387757
-0.007988 0.004079 0.044796 0.009936 0.015033 0.027142 0.008082 -0.004346  1448387766
-0.007945 0.004058 0.044858 0.009962 0.014991 0.026919 0.008075 -0.004126  1448387775
-0.007860 0.003953 0.045079 0.010004 0.015045 0.026874 0.008123 -0.004328  1448387784
-0.007973 0.004006 0.044877 0.009899 0.015080 0.027114 0.008163 -0.004407  1448387793
-0.007919 0.004124 0.044775 0.009953 0.015019 0.026948 0.008104 -0.004106  1448387803
-0.007865 0.003976 0.045077 0.010009 0.015067 0.026861 0.008105 -0.004311  1448387812
-0.008004 0.003951 0.045110 0.010020 0.015092 0.027146 0.008231 -0.004426  1448387821
-0.007893 0.004133 0.044833 0.009963 0.015066 0.027112 0.008089 -0.004121  1448387830
-0.007894 0.004006 0.045107 0.009969 0.015064 0.026924 0.008142 -0.004307  1448387839
-0.007964 0.003998 0.045009 0.009910 0.015120 0.027135 0.008167 -0.004438  1448387848
-0.007938 0.004124 0.044846 0.009954 0.015038 0.027085 0.008128 -0.004142  1448387857
-0.007877 0.003987 0.045140 0.010013 0.015107 0.026929 0.008165 -0.004307  1448387866
-0.007973 0.004029 0.045020 0.009915 0.015119 0.027190 0.008176 -0.004416  1448387875
-0.007954 0.004133 0.044886 0.009914 0.015062 0.027092 0.008098 -0.004114  1448387884
-0.007904 0.003992 0.045192 0.010015 0.015128 0.026986 0.008151 -0.004319  1448387893
-0.007994 0.004004 0.045090 0.009931 0.015166 0.027197 0.008179 -0.004422  1448387902
-0.007972 0.004115 0.044922 0.009924 0.015112 0.027200 0.008169 -0.004225  1448387911
-0.007928 0.004090 0.044971 0.009966 0.015067 0.027038 0.008110 -0.004095  1448387920
-0.007924 0.003987 0.045188 0.010016 0.015128 0.027034 0.008142 -0.004288  1448387929
-0.007950 0.003939 0.045275 0.010001 0.015170 0.027120 0.008207 -0.004367  1448387938
-0.008000 0.003980 0.045195 0.009905 0.015201 0.027232 0.008234 -0.004443  1448387947
-0.007989 0.004084 0.045019 0.009911 0.015138 0.027255 0.008181 -0.004310  1448387956
-0.007973 0.004081 0.045018 0.009973 0.015101 0.027089 0.008128 -0.004095  1448387965
-0.007919 0.003988 0.045348 0.009992 0.015139 0.027044 0.008195 -0.004346  1448387974
-0.007988 0.004055 0.045138 0.009910 0.015238 0.027282 0.008247 -0.004390  1448387984
-0.007938 0.004139 0.045065 0.009954 0.015136 0.027141 0.008159 -0.004103  1448387993
-0.007899 0.003977 0.045379 0.010010 0.015170 0.027077 0.008222 -0.004320  1448388002
-0.008042 0.003988 0.045230 0.009923 0.015229 0.027332 0.008199 -0.004424  1448388011
-0.008030 0.004099 0.045107 0.009916 0.015159 0.027210 0.008159 -0.004127  1448388020
-0.007954 0.004006 0.045366 0.009984 0.015197 0.027078 0.008190 -0.004287  1448388029
-0.008022 0.004001 0.045334 0.009929 0.015221 0.027282 0.008236 -0.004427  1448388038
-0.008009 0.004127 0.045142 0.009966 0.015141 0.027238 0.008233 -0.004150  1448388047
-0.007894 0.004010 0.045425 0.009995 0.015130 0.027108 0.008229 -0.004291  1448388056
-0.007982 0.003999 0.045399 0.009937 0.015258 0.027338 0.008237 -0.004431  1448388065
-0.008033 0.004116 0.045163 0.009966 0.015154 0.027316 0.008195 -0.004135  1448388074
-0.007911 0.004024 0.045452 0.009986 0.015204 0.027117 0.008143 -0.004298  1448388083
-0.008055 0.004005 0.045350 0.009933 0.015282 0.027395 0.008251 -0.004418  1448388092
-0.008022 0.004137 0.045198 0.009940 0.015223 0.027316 0.008179 -0.004145  1448388101
-0.007957 0.004048 0.045264 0.009968 0.015186 0.027232 0.008205 -0.004087  1448388110
-0.007966 0.004004 0.045483 0.010023 0.015267 0.027170 0.008207 -0.004255  1448388119
-0.007993 0.003927 0.045578 0.010025 0.015312 0.027283 0.008228 -0.004364  1448388128
-0.008037 0.003981 0.045514 0.009978 0.015288 0.027390 0.008240 -0.004435  1448388137
-0.008072 0.004106 0.045401 0.009894 0.015248 0.027462 0.008232 -0.004344  1448388146
-0.008039 0.004110 0.045310 0.009960 0.015222 0.027303 0.008176 -0.004101  1448388155
-0.007995 0.003990 0.045602 0.010020 0.015251 0.027213 0.008210 -0.004274  1448388165
-0.008063 0.003972 0.045537 0.009941 0.015334 0.027426 0.008268 -0.004425  1448388174
-0.008080 0.004120 0.045319 0.009910 0.015266 0.027429 0.008210 -0.004160  1448388183
-0.007988 0.004020 0.045559 0.010012 0.015274 0.027194 0.008225 -0.004234  1448388192
-0.007997 0.003982 0.045621 0.009957 0.015372 0.027329 0.008300 -0.004420  1448388201
-0.008076 0.004138 0.045361 0.009924 0.015327 0.027493 0.008232 -0.004247  1448388210
-0.008021 0.004067 0.045510 0.009987 0.015248 0.027277 0.008232 -0.004125  1448388219
-0.007974 0.003949 0.045719 0.009968 0.015338 0.027313 0.008273 -0.004363  1448388228
-0.008086 0.004068 0.045488 0.009939 0.015303 0.027520 0.008261 -0.004337  1448388237
-0.008029 0.004075 0.045483 0.009983 0.015264 0.027364 0.008247 -0.004082  1448388246
-0.007970 0.003956 0.045773 0.010010 0.015334 0.027305 0.008290 -0.004306  1448388255
-0.008091 0.003999 0.045641 0.009939 0.015363 0.027533 0.008299 -0.004402  1448388264
-0.008093 0.004106 0.045464 0.009924 0.015305 0.027448 0.008185 -0.004109  1448388273
-0.008018 0.003988 0.045820 0.009983 0.015353 0.027333 0.008253 -0.004271  1448388282
-0.008125 0.004062 0.045701 0.009961 0.015354 0.027570 0.008301 -0.004409  1448388291
-0.008096 0.004062 0.045627 0.009916 0.015382 0.027593 0.008295 -0.004331  1448388300
-0.008085 0.004109 0.045558 0.009894 0.015346 0.027557 0.008298 -0.004217  1448388309
-0.008092 0.004104 0.045565 0.009978 0.015333 0.027445 0.008253 -0.004084  1448388318
-0.008039 0.004007 0.045821 0.009968 0.015349 0.027345 0.008262 -0.004251  1448388327
-0.008045 0.003934 0.045910 0.010027 0.015421 0.027464 0.008319 -0.004329  1448388337
-0.008142 0.003994 0.045783 0.009888 0.015434 0.027602 0.008310 -0.004408  1448388346
-0.008121 0.004118 0.045599 0.009942 0.015388 0.027552 0.008297 -0.004125  1448388355
-0.008030 0.003998 0.045820 0.009991 0.015372 0.027408 0.008249 -0.004170  1448388364
-0.008087 0.003941 0.045976 0.009983 0.015441 0.027524 0.008336 -0.004383  1448388373
-0.008164 0.004073 0.045722 0.009898 0.015437 0.027645 0.008315 -0.004300  1448388382
-0.008043 0.004107 0.045705 0.009960 0.015406 0.027454 0.008262 -0.004064  1448388391
-0.008042 0.003986 0.046037 0.009974 0.015448 0.027463 0.008213 -0.004300  1448388400
-0.008099 0.004133 0.045929 0.009989 0.015426 0.027567 0.008327 -0.004397  1448388409
-0.008117 0.004072 0.045768 0.009972 0.015348 0.027638 0.008320 -0.004129  1448388418
-0.008083 0.003957 0.046015 0.010041 0.015381 0.027430 0.008333 -0.004241  1448388427
-0.008122 0.003945 0.046046 0.009954 0.015504 0.027596 0.008355 -0.004405  1448388436
-0.008153 0.004126 0.045791 0.009934 0.015493 0.027732 0.008313 -0.004224  1448388445
-0.008109 0.004034 0.045968 0.009991 0.015431 0.027501 0.008281 -0.004136  1448388454
-0.008079 0.003945 0.046153 0.009975 0.015550 0.027632 0.008303 -0.004355  1448388463
-0.008219 0.004040 0.045806 0.009916 0.015515 0.027765 0.008300 -0.004234  1448388472
-0.008096 0.004059 0.046010 0.009979 0.015453 0.027515 0.008303 -0.004180  1448388481
-0.008079 0.003952 0.046182 0.010033 0.015500 0.027516 0.008307 -0.004259  1448388490
-0.008114 0.003921 0.046241 0.009983 0.015548 0.027647 0.008343 -0.004351  1448388499
-0.008126 0.003974 0.046144 0.009961 0.015558 0.027730 0.008374 -0.004403  1448388509
-0.008194 0.004093 0.046000 0.009940 0.015496 0.027783 0.008370 -0.004311  1448388518
-0.008138 0.004070 0.045890 0.009940 0.015495 0.027741 0.008328 -0.004147  1448388527
-0.008178 0.004065 0.045981 0.009958 0.015478 0.027649 0.008286 -0.004048  1448388536
-0.008102 0.003991 0.046266 0.010004 0.015511 0.027587 0.008390 -0.004262  1448388545
-0.008191 0.003986 0.046152 0.009949 0.015570 0.027798 0.008431 -0.004392  1448388554
-0.008157 0.004104 0.045971 0.009957 0.015498 0.027752 0.008376 -0.004135  1448388563
-0.008123 0.004034 0.046142 0.009974 0.015525 0.027628 0.008319 -0.004114  1448388572
-0.008136 0.003942 0.046375 0.010007 0.015592 0.027670 0.008404 -0.004332  1448388581
-0.008210 0.004031 0.046160 0.009954 0.015541 0.027843 0.008414 -0.004358  1448388590
-0.008147 0.004129 0.046031 0.009923 0.015525 0.027790 0.008346 -0.004080  1448388599
-0.008112 0.003991 0.046333 0.009994 0.015586 0.027694 0.008372 -0.004232  1448388608
-0.008202 0.003912 0.046363 0.009982 0.015620 0.027822 0.008440 -0.004390  1448388617
-0.008247 0.004087 0.046099 0.009916 0.015580 0.027898 0.008334 -0.004207  1448388626
-0.008143 0.004065 0.046224 0.009977 0.015571 0.027746 0.008330 -0.004082  1448388635
-0.008180 0.003948 0.046423 0.009980 0.015645 0.027779 0.008361 -0.004313  1448388644
-0.008273 0.004015 0.046247 0.009940 0.015646 0.027935 0.008422 -0.004335  1448388653
-0.008201 0.004106 0.046176 0.010022 0.015555 0.027843 0.008393 -0.004073  1448388662
-0.008116 0.003963 0.046449 0.009981 0.015602 0.027722 0.008447 -0.004240  1448388671
-0.008196 0.003945 0.046501 0.010003 0.015684 0.027760 0.008423 -0.004312  1448388680
-0.008277 0.003975 0.046476 0.009945 0.015721 0.027870 0.008465 -0.004390  1448388690
-0.008268 0.004059 0.046427 0.009940 0.015681 0.027974 0.008425 -0.004373  1448388699
-0.008268 0.004118 0.046222 0.009916 0.015691 0.027981 0.008469 -0.004249  1448388708
-0.008243 0.004081 0.046219 0.009910 0.015606 0.027885 0.008409 -0.004088  1448388717
-0.008127 0.004052 0.046377 0.009964 0.015587 0.027769 0.008337 -0.004081  1448388726
-0.008181 0.003934 0.046611 0.010015 0.015682 0.027805 0.008423 -0.004272  1448388735
-0.008275 0.003982 0.046498 0.009917 0.015717 0.028002 0.008445 -0.004378  1448388744
-0.008280 0.004082 0.046309 0.009934 0.015650 0.028030 0.008391 -0.004153  1448388753
-0.008200 0.004029 0.046427 0.009996 0.015622 0.027823 0.008389 -0.004078  1448388762
-0.008146 0.003930 0.046632 0.009996 0.015702 0.027825 0.008460 -0.004296  1448388771
-0.008283 0.004028 0.046469 0.009946 0.015672 0.028066 0.008467 -0.004345  1448388780
-0.008257 0.004101 0.046342 0.009972 0.015623 0.027958 0.008435 -0.004085  1448388789
-0.008167 0.003991 0.046560 0.010016 0.015654 0.027788 0.008414 -0.004167  1448388798
-0.008240 0.003927 0.046711 0.009996 0.015759 0.027936 0.008448 -0.004353  1448388807
-0.008299 0.004051 0.046441 0.009923 0.015674 0.028078 0.008457 -0.004286  1448388816
-0.008257 0.004100 0.046394 0.009954 0.015664 0.027950 0.008378 -0.004037  1448388825
-0.008163 0.004004 0.046717 0.010016 0.015713 0.027830 0.008470 -0.004230  1448388834
-0.008292 0.004005 0.046582 0.009967 0.015727 0.028107 0.008482 -0.004345  1448388843
-0.008221 0.004138 0.046386 0.009913 0.015680 0.028005 0.008405 -0.004071  1448388853
-0.008172 0.004047 0.046582 0.009980 0.015686 0.027866 0.008445 -0.004080  1448388862
-0.008175 0.003976 0.046643 0.010004 0.015722 0.027879 0.008409 -0.004177  1448388871
-0.008205 0.003978 0.046757 0.010016 0.015762 0.027873 0.008431 -0.004226  1448388880
-0.008216 0.003937 0.046780 0.009985 0.015763 0.027911 0.008467 -0.004262  1448388889
-0.008283 0.003928 0.046826 0.009985 0.015801 0.028043 0.008474 -0.004338  1448388898
-0.008356 0.004035 0.046618 0.009928 0.015776 0.028210 0.008519 -0.004326  1448388907
-0.008304 0.004120 0.046455 0.009909 0.015759 0.028133 0.008447 -0.004138  1448388916
-0.008229 0.004083 0.046645 0.009975 0.015724 0.027938 0.008404 -0.004071  1448388925
-0.008235 0.003922 0.046895 0.010015 0.015793 0.027944 0.008486 -0.004252  1448388934
-0.008324 0.003938 0.046801 0.009977 0.015828 0.028177 0.008526 -0.004366  1448388943
-0.008320 0.004085 0.046591 0.009926 0.015783 0.028189 0.008455 -0.004171  1448388952
-0.008227 0.004056 0.046699 0.009986 0.015730 0.028031 0.008460 -0.004017  1448388961
-0.008223 0.003951 0.046954 0.010051 0.015785 0.027939 0.008526 -0.004233  1448388970
-0.008294 0.003957 0.046861 0.009967 0.015836 0.028154 0.008525 -0.004371  1448388979
-0.008342 0.004091 0.046644 0.009890 0.015776 0.028233 0.008452 -0.004194  1448388988
-0.008288 0.004065 0.046720 0.009943 0.015778 0.028074 0.008428 -0.004022  1448388997
-0.008261 0.003958 0.046936 0.010022 0.015841 0.028016 0.008471 -0.004233  1448389006
-0.008338 0.003978 0.046889 0.009936 0.015851 0.028203 0.008526 -0.004363  1448389015
-0.008314 0.004138 0.046674 0.009928 0.015828 0.028250 0.008455 -0.004172  1448389024
-0.008259 0.004021 0.046973 0.010010 0.015811 0.028034 0.008491 -0.004210  1448389034
-0.008293 0.003956 0.047000 0.009954 0.015846 0.028194 0.008512 -0.004365  1448389043
-0.008352 0.004083 0.046895 0.009903 0.015831 0.028319 0.008529 -0.004329  1448389052
-0.008339 0.004084 0.046803 0.009934 0.015855 0.028294 0.008529 -0.004288  1448389061
-0.008326 0.004087 0.046695 0.009911 0.015832 0.028308 0.008525 -0.004163  1448389070
-0.008283 0.004097 0.046750 0.009971 0.015821 0.028150 0.008457 -0.004028  1448389079
-0.008289 0.004071 0.046818 0.009970 0.015800 0.028069 0.008444 -0.004014  1448389088
-0.008260 0.004001 0.047002 0.010004 0.015833 0.028038 0.008492 -0.004175  1448389097
-0.008305 0.003944 0.047147 0.009984 0.015912 0.028175 0.008535 -0.004334  1448389106
-0.008410 0.003998 0.046906 0.009899 0.015900 0.028356 0.008543 -0.004306  1448389115
-0.008344 0.004094 0.046810 0.009978 0.015838 0.028238 0.008522 -0.004078  1448389124
-0.008280 0.004019 0.047013 0.010048 0.015804 0.028054 0.008546 -0.004120  1448389133
-0.008289 0.003951 0.047176 0.009993 0.015904 0.028145 0.008528 -0.004255  1448389142
-0.008380 0.004000 0.047037 0.009926 0.015948 0.028352 0.008554 -0.004359  1448389151
-0.008362 0.004131 0.046851 0.009933 0.015899 0.028338 0.008535 -0.004184  1448389160
-0.008282 0.004057 0.046948 0.009999 0.015874 0.028216 0.008476 -0.004007  1448389169
-0.008304 0.003945 0.047260 0.010040 0.015905 0.028136 0.008546 -0.004232  1448389178
-0.008366 0.003961 0.047116 0.009974 0.015929 0.028308 0.008632 -0.004347  1448389187
-0.008326 0.004095 0.046895 0.009900 0.015865 0.028307 0.008530 -0.004117  1448389196
-0.008305 0.004049 0.047019 0.009970 0.015885 0.028162 0.008498 -0.004079  1448389205
-0.008318 0.003956 0.047228 0.009999 0.015986 0.028238 0.008539 -0.004276  1448389215
-0.008411 0.004023 0.047045 0.009906 0.015969 0.028408 0.008579 -0.004314  1448389224
-0.008369 0.004129 0.046953 0.009937 0.015929 0.028341 0.008491 -0.004033  1448389233
-0.008304 0.004016 0.047224 0.009971 0.015921 0.028156 0.008513 -0.004182  1448389242
-0.008321 0.003965 0.047306 0.010001 0.015990 0.028170 0.008568 -0.004215  1448389251
-0.008330 0.003949 0.047362 0.010024 0.015987 0.028247 0.008550 -0.004276  1448389260
-0.008374 0.003966 0.047300 0.009933 0.016022 0.028407 0.008608 -0.004353  1448389269
-0.008418 0.004031 0.047191 0.009960 0.015977 0.028449 0.008516 -0.004303  1448389278
-0.008386 0.004141 0.047034 0.009930 0.015976 0.028440 0.008558 -0.004178  1448389287
-0.008351 0.004080 0.047089 0.009973 0.015939 0.028326 0.008528 -0.003997  1448389296
-0.008311 0.003994 0.047343 0.010001 0.016006 0.028249 0.008544 -0.004197  1448389305
-0.008393 0.003958 0.047329 0.009981 0.016023 0.028409 0.008613 -0.004346  1448389314
-0.008404 0.004076 0.047133 0.009916 0.015960 0.028480 0.008646 -0.004211  1448389323
-0.008329 0.004074 0.047121 0.009977 0.015919 0.028302 0.008580 -0.004008  1448389332
-0.008344 0.003972 0.047337 0.010000 0.015953 0.028227 0.008584 -0.004188  1448389341
-0.008365 0.003969 0.047445 0.009968 0.016081 0.028446 0.008565 -0.004332  1448389350
-0.008463 0.004075 0.047231 0.009896 0.016037 0.028572 0.008590 -0.004258  1448389359
-0.008407 0.004054 0.047182 0.009970 0.015973 0.028376 0.008585 -0.004000  1448389368
-0.008357 0.003973 0.047477 0.010013 0.016000 0.028312 0.008566 -0.004185  1448389377
-0.008384 0.003959 0.047501 0.009991 0.016084 0.028468 0.008611 -0.004335  1448389387
-0.008448 0.004056 0.047239 0.009884 0.016076 0.028595 0.008589 -0.004256  1448389396
-0.008400 0.004063 0.047217 0.009946 0.015972 0.028438 0.008571 -0.004007  1448389405
-0.008374 0.003998 0.047440 0.010001 0.016028 0.028299 0.008561 -0.004145  1448389414
-0.008401 0.003911 0.047576 0.009995 0.016102 0.028413 0.008618 -0.004287  1448389423
-0.008430 0.004014 0.047458 0.009967 0.016089 0.028627 0.008639 -0.004328  1448389432
-0.008475 0.004075 0.047350 0.009914 0.016067 0.028631 0.008656 -0.004259  1448389441
-0.008431 0.004090 0.047291 0.009944 0.016030 0.028585 0.008621 -0.004185  1448389450
-0.008437 0.004111 0.047270 0.009880 0.016026 0.028543 0.008658 -0.004067  1448389459
-0.008367 0.004063 0.047329 0.009990 0.016010 0.028498 0.008547 -0.004004  1448389468
-0.008406 0.004069 0.047374 0.010008 0.016036 0.028409 0.008604 -0.004000  1448389477
-0.008347 0.003981 0.047541 0.010002 0.016081 0.028394 0.008567 -0.004126  1448389486
-0.008414 0.003938 0.047684 0.009980 0.016155 0.028477 0.008625 -0.004281  1448389495
-0.008475 0.004056 0.047518 0.009900 0.016187 0.028682 0.008620 -0.004312  1448389504
-0.008469 0.004138 0.047330 0.009903 0.016074 0.028681 0.008598 -0.004097  1448389513
-0.008397 0.004031 0.047458 0.009975 0.016066 0.028502 0.008595 -0.003984  1448389522
-0.008380 0.003924 0.047690 0.010011 0.016110 0.028436 0.008653 -0.004188  1448389531
-0.008451 0.003951 0.047697 0.009966 0.016181 0.028592 0.008658 -0.004332  1448389540
-0.008450 0.004099 0.047486 0.009894 0.016134 0.028692 0.008680 -0.004275  1448389549
-0.008421 0.004133 0.047419 0.009933 0.016094 0.028634 0.008610 -0.004040  1448389559
-0.008402 0.004011 0.047631 0.010009 0.016090 0.028454 0.008658 -0.004080  1448389568
-0.008403 0.003946 0.047809 0.010018 0.016146 0.028476 0.008672 -0.004235  1448389577
-0.008489 0.003988 0.047704 0.009939 0.016171 0.028724 0.008686 -0.004326  1448389586
-0.008487 0.004100 0.047536 0.009916 0.016142 0.028775 0.008655 -0.004157  1448389595
-0.008433 0.004066 0.047550 0.009985 0.016107 0.028579 0.008612 -0.003982  1448389604
-0.008417 0.003975 0.047881 0.010029 0.016133 0.028501 0.008630 -0.004170  1448389613
-0.008533 0.004003 0.047839 0.009996 0.016235 0.028704 0.008712 -0.004324  1448389622
-0.008551 0.004041 0.047754 0.009927 0.016251 0.028763 0.008716 -0.004321  1448389631
-0.008516 0.004032 0.047718 0.009939 0.016190 0.028825 0.008706 -0.004282  1448389640
-0.008535 0.004048 0.047611 0.009895 0.016184 0.028802 0.008696 -0.004212  1448389649
-0.008484 0.004098 0.047584 0.009912 0.016146 0.028738 0.008641 -0.004108  1448389658
-0.008472 0.004086 0.047561 0.009982 0.016118 0.028680 0.008671 -0.004023  1448389667
-0.008433 0.004040 0.047662 0.009954 0.016173 0.028626 0.008623 -0.003974  1448389676
-0.008409 0.003978 0.047879 0.010006 0.016207 0.028593 0.008624 -0.004155  1448389685
-0.008483 0.003930 0.048005 0.010007 0.016267 0.028690 0.008703 -0.004286  1448389694
-0.008528 0.004026 0.047854 0.009961 0.016216 0.028792 0.008710 -0.004304  1448389703
-0.008519 0.004094 0.047691 0.009908 0.016222 0.028837 0.008653 -0.004139  1448389712
-0.008499 0.004092 0.047690 0.009919 0.016206 0.028686 0.008607 -0.003968  1448389721
-0.008422 0.004004 0.047938 0.010011 0.016192 0.028550 0.008698 -0.004152  1448389730
-0.008507 0.003943 0.048030 0.009987 0.016302 0.028722 0.008663 -0.004283  1448389740
-0.008589 0.004034 0.047842 0.009887 0.016308 0.028927 0.008659 -0.004263  1448389749
-0.008589 0.004084 0.047709 0.009941 0.016254 0.028826 0.008644 -0.004028  1448389758
-0.008542 0.004040 0.047938 0.009970 0.016247 0.028650 0.008666 -0.004053  1448389767
-0.008472 0.003952 0.048082 0.009999 0.016291 0.028726 0.008703 -0.004214  1448389776
-0.008506 0.003990 0.047992 0.009951 0.016272 0.028849 0.008738 -0.004319  1448389785
-0.008511 0.004071 0.047739 0.009918 0.016238 0.028880 0.008701 -0.004125  1448389794
-0.008432 0.004087 0.047838 0.009930 0.016234 0.028747 0.008655 -0.003964  1448389803
-0.008417 0.004001 0.047875 0.009960 0.016234 0.028674 0.008687 -0.004011  1448389812
-0.008462 0.003980 0.047906 0.010009 0.016220 0.028703 0.008705 -0.004081  1448389821
-0.008480 0.003943 0.047977 0.010042 0.016298 0.028686 0.008659 -0.004097  1448389830
-0.008474 0.003943 0.048031 0.010000 0.016256 0.028713 0.008714 -0.004150  1448389839
-0.008498 0.003918 0.048175 0.010014 0.016301 0.028728 0.008666 -0.004171  1448389848
-0.008538 0.003947 0.048189 0.009997 0.016337 0.028828 0.008743 -0.004289  1448389857
-0.008578 0.004007 0.048081 0.009940 0.016340 0.028952 0.008784 -0.004305  1448389866
-0.008569 0.004089 0.047926 0.009898 0.016317 0.028963 0.008749 -0.004194  1448389875
-0.008497 0.004132 0.047839 0.009924 0.016290 0.028824 0.008684 -0.003989  1448389884
-0.008464 0.004032 0.048102 0.009991 0.016302 0.028764 0.008699 -0.004110  1448389893
-0.008499 0.003909 0.048276 0.010008 0.016354 0.028802 0.008705 -0.004222  1448389902
-0.008607 0.003957 0.048196 0.009968 0.016371 0.028996 0.008768 -0.004301  1448389911
-0.008590 0.004041 0.047973 0.009981 0.016282 0.029006 0.008735 -0.004145  1448389921
-0.008523 0.004055 0.047995 0.009960 0.016259 0.028817 0.008721 -0.003964  1448389930
-0.008490 0.003982 0.048191 0.009998 0.016311 0.028749 0.008726 -0.004146  1448389939
-0.008546 0.003937 0.048299 0.009994 0.016388 0.028878 0.008784 -0.004256  1448389948
-0.008617 0.004037 0.048023 0.009916 0.016365 0.029033 0.008767 -0.004208  1448389957
-0.008526 0.004078 0.048019 0.009973 0.016302 0.028880 0.008749 -0.003959  1448389966
-0.008476 0.003954 0.048251 0.010046 0.016307 0.028785 0.008773 -0.004146  1448389975
-0.008501 0.003942 0.048342 0.009997 0.016404 0.028883 0.008743 -0.004262  1448389984
-0.008643 0.004007 0.048140 0.009920 0.016373 0.029079 0.008773 -0.004237  1448389993
-0.008546 0.004077 0.048098 0.009926 0.016327 0.029059 0.008802 -0.004193  1448390002
-0.008587 0.004072 0.048090 0.009907 0.016361 0.029070 0.008804 -0.004165  1448390011
-0.008596 0.004096 0.048070 0.009919 0.016363 0.029103 0.008818 -0.004146  1448390020
-0.008603 0.004088 0.048024 0.009936 0.016344 0.028982 0.008765 -0.004029  1448390029
-0.008540 0.004058 0.048103 0.009984 0.016358 0.028894 0.008739 -0.003951  1448390038
-0.008535 0.003981 0.048284 0.010010 0.016375 0.028818 0.008725 -0.004088  1448390047
-0.008545 0.003954 0.048354 0.010019 0.016385 0.028843 0.008765 -0.004143  1448390056
-0.008599 0.003940 0.048442 0.009990 0.016457 0.028974 0.008789 -0.004250  1448390065
-0.008613 0.004017 0.048379 0.009947 0.016449 0.029092 0.008819 -0.004298  1448390074
-0.008620 0.004071 0.048158 0.009933 0.016381 0.029107 0.008812 -0.004124  1448390083
-0.008558 0.004073 0.048179 0.009961 0.016361 0.028939 0.008729 -0.003954  1448390093
-0.008547 0.004004 0.048415 0.010008 0.016383 0.028904 0.008741 -0.004140  1448390102
-0.008611 0.003919 0.048529 0.009976 0.016498 0.029017 0.008810 -0.004272  1448390111
-0.008653 0.004032 0.048289 0.009900 0.016469 0.029163 0.008816 -0.004250  1448390120
-0.008621 0.004105 0.048149 0.009933 0.016377 0.029085 0.008774 -0.004027  1448390129
-0.008506 0.004043 0.048342 0.009970 0.016403 0.028938 0.008761 -0.003982  1448390138
-0.008508 0.003934 0.048527 0.010041 0.016439 0.028926 0.008819 -0.004160  1448390147
-0.008595 0.003957 0.048559 0.009969 0.016502 0.029084 0.008850 -0.004299  1448390156
-0.008649 0.004013 0.048353 0.009952 0.016446 0.029187 0.008852 -0.004211  1448390165
-0.008599 0.004103 0.048268 0.009998 0.016405 0.029096 0.008810 -0.003991  1448390174
-0.008520 0.004018 0.048470 0.009978 0.016447 0.028959 0.008829 -0.004072  1448390183
-0.008582 0.003937 0.048520 0.010016 0.016461 0.029003 0.008761 -0.004104  1448390192
-0.008575 0.003918 0.048698 0.009983 0.016517 0.029014 0.008847 -0.004141  1448390201
-0.008612 0.003910 0.048799 0.009979 0.016546 0.029093 0.008830 -0.004139  1448390210
-0.008619 0.003924 0.048941 0.010005 0.016634 0.029220 0.008892 -0.004205  1448390219
-0.008689 0.003960 0.049122 0.010004 0.016681 0.029327 0.008944 -0.004252  1448390228
-0.008771 0.003993 0.049171 0.009959 0.016728 0.029547 0.008946 -0.004267  1448390237
-0.008819 0.004074 0.049197 0.009921 0.016775 0.029686 0.008983 -0.004180  1448390246
-0.008817 0.004091 0.049279 0.009933 0.016792 0.029710 0.008958 -0.003954  1448390255
-0.008791 0.004013 0.049624 0.009992 0.016873 0.029661 0.009028 -0.003942  1448390264
-0.008758 0.003917 0.050042 0.009999 0.017042 0.029758 0.009085 -0.004090  1448390274
-0.008913 0.003945 0.050364 0.010042 0.017157 0.030007 0.009187 -0.004173  1448390283
-0.008957 0.004010 0.050389 0.009945 0.017210 0.030298 0.009232 -0.004192  1448390292
-0.009039 0.004083 0.050460 0.009927 0.017271 0.030423 0.009237 -0.003989  1448390301
-0.009020 0.004020 0.050728 0.009974 0.017341 0.030401 0.009239 -0.003832  1448390310
-0.009053 0.003970 0.051236 0.010006 0.017504 0.030480 0.009302 -0.004012  1448390319
-0.009135 0.003936 0.051596 0.009994 0.017657 0.030790 0.009396 -0.004106  1448390328
-0.009240 0.003983 0.051753 0.009915 0.017774 0.031082 0.009476 -0.004135  1448390337
-0.009252 0.004116 0.051841 0.009912 0.017830 0.031251 0.009509 -0.003979  1448390346
-0.009266 0.004115 0.052098 0.009936 0.017932 0.031270 0.009528 -0.003788  1448390355
-0.009304 0.003987 0.052617 0.009994 0.018008 0.031296 0.009603 -0.003901  1448390364
-0.009408 0.003894 0.053100 0.009999 0.018253 0.031637 0.009697 -0.004060  1448390373
-0.009528 0.003980 0.053389 0.009982 0.018371 0.031865 0.009763 -0.004067  1448390382
-0.009572 0.003922 0.053660 0.010025 0.018491 0.032061 0.009828 -0.004072  1448390391
-0.009668 0.003965 0.053948 0.009930 0.018578 0.032308 0.009843 -0.004051  1448390400
-0.009692 0.004006 0.054197 0.010003 0.018695 0.032492 0.009963 -0.004032  1448390409
-0.009773 0.004028 0.054392 0.009930 0.018804 0.032705 0.009978 -0.003965  1448390418
-0.009816 0.004102 0.054613 0.009924 0.018928 0.032865 0.010057 -0.003884  1448390427
-0.009838 0.004099 0.054890 0.009918 0.019016 0.032986 0.010077 -0.003713  1448390436
-0.009876 0.003997 0.055295 0.009958 0.019184 0.033033 0.010112 -0.003653  1448390445
-0.009922 0.003933 0.055874 0.010050 0.019328 0.033164 0.010228 -0.003837  1448390455
-0.010003 0.003951 0.056222 0.009968 0.019493 0.033499 0.010316 -0.003947  1448390464
-0.010141 0.004025 0.056348 0.009946 0.019563 0.033818 0.010389 -0.003917  1448390473
-0.010170 0.004051 0.056500 0.009971 0.019622 0.033927 0.010408 -0.003699  1448390482
-0.010172 0.003997 0.056871 0.010005 0.019719 0.034000 0.010468 -0.003566  1448390491
-0.010179 0.003936 0.057364 0.009994 0.019931 0.034084 0.010513 -0.003685  1448390500
-0.010280 0.003912 0.057828 0.009993 0.020137 0.034314 0.010604 -0.003773  1448390509
-0.010344 0.003992 0.058034 0.009964 0.020252 0.034644 0.010683 -0.003876  1448390518
-0.010470 0.004075 0.058117 0.009875 0.020386 0.034957 0.010738 -0.003786  1448390527
-0.010500 0.004090 0.058362 0.009931 0.020445 0.035015 0.010746 -0.003559  1448390536
-0.010522 0.003992 0.058838 0.010006 0.020533 0.035022 0.010838 -0.003506  1448390545
-0.010547 0.003909 0.059338 0.010028 0.020687 0.035143 0.010873 -0.003668  1448390554
-0.010660 0.003922 0.059714 0.009983 0.020884 0.035526 0.010944 -0.003778  1448390563
-0.010765 0.003950 0.059997 0.009975 0.021000 0.035771 0.010996 -0.003784  1448390572
-0.010849 0.003932 0.060286 0.009998 0.021118 0.035937 0.011059 -0.003772  1448390581
-0.010879 0.003930 0.060651 0.010000 0.021250 0.036058 0.011109 -0.003729  1448390590
-0.010910 0.003929 0.060916 0.010021 0.021373 0.036246 0.011170 -0.003736  1448390599
-0.011028 0.003956 0.061208 0.009977 0.021491 0.036494 0.011264 -0.003747  1448390608
-0.011062 0.003929 0.061552 0.009972 0.021579 0.036769 0.011324 -0.003727  1448390617
-0.011185 0.004003 0.061862 0.009946 0.021742 0.037066 0.011425 -0.003679  1448390626
-0.011246 0.004055 0.062217 0.009890 0.021927 0.037332 0.011499 -0.003549  1448390636
-0.011312 0.004048 0.062754 0.009921 0.022088 0.037500 0.011589 -0.003341  1448390645
-0.011353 0.003969 0.063551 0.009968 0.022357 0.037745 0.011720 -0.003339  1448390654
-0.011471 0.003913 0.064443 0.010009 0.022654 0.038108 0.011866 -0.003450  1448390663
-0.011678 0.003912 0.065307 0.009958 0.023059 0.038708 0.012002 -0.003532  1448390672
-0.011891 0.003947 0.065978 0.009953 0.023360 0.039282 0.012191 -0.003546  1448390681
-0.012005 0.004024 0.066570 0.009909 0.023616 0.039825 0.012323 -0.003471  1448390690
-0.012112 0.004083 0.067362 0.009923 0.023889 0.040215 0.012468 -0.003201  1448390699
-0.012272 0.003968 0.068428 0.010026 0.024268 0.040579 0.012661 -0.003086  1448390708
-0.012410 0.003889 0.069578 0.010046 0.024664 0.041016 0.012858 -0.003235  1448390717
-0.012613 0.003891 0.070681 0.010025 0.025136 0.041766 0.013042 -0.003307  1448390726
-0.012866 0.003945 0.071546 0.009945 0.025497 0.042540 0.013222 -0.003304  1448390735
-0.013052 0.004037 0.072333 0.009905 0.025864 0.043134 0.013381 -0.003117  1448390744
-0.013196 0.004017 0.073325 0.009940 0.026270 0.043615 0.013541 -0.002940  1448390753
-0.013347 0.003990 0.074393 0.009920 0.026693 0.044222 0.013774 -0.002893  1448390762
-0.013559 0.003995 0.075513 0.009953 0.027141 0.044822 0.013938 -0.002825  1448390771
-0.013753 0.004029 0.076553 0.009918 0.027546 0.045534 0.014162 -0.002808  1448390780
-0.013938 0.003998 0.077688 0.009905 0.028033 0.046194 0.014349 -0.002779  1448390789
-0.014134 0.004022 0.078848 0.009959 0.028439 0.046821 0.014566 -0.002719  1448390798
-0.014324 0.003954 0.080081 0.009960 0.028951 0.047370 0.014782 -0.002630  1448390807
-0.014511 0.003894 0.081438 0.010032 0.029464 0.047954 0.014984 -0.002673  1448390817
-0.014754 0.003844 0.082788 0.009985 0.030039 0.048719 0.015178 -0.002765  1448390826
-0.015018 0.003890 0.083896 0.009987 0.030541 0.049548 0.015397 -0.002831  1448390835
-0.015259 0.003948 0.084885 0.009943 0.030918 0.050369 0.015622 -0.002759  1448390844
-0.015445 0.004008 0.085830 0.009927 0.031338 0.050976 0.015810 -0.002579  1448390853
-0.015580 0.003948 0.087082 0.009982 0.031856 0.051504 0.015978 -0.002371  1448390862
-0.015746 0.003913 0.088552 0.010005 0.032376 0.052069 0.016200 -0.002471  1448390871
-0.016008 0.003869 0.089933 0.009974 0.032956 0.052874 0.016410 -0.002529  1448390880
-0.016308 0.003896 0.090963 0.009935 0.033420 0.053822 0.016629 -0.002568  1448390889
-0.016494 0.003978 0.091846 0.009885 0.033808 0.054516 0.016848 -0.002395  1448390898
-0.016644 0.003995 0.092941 0.009942 0.034272 0.055042 0.017019 -0.002159  1448390907
-0.016800 0.003878 0.094437 0.010002 0.034813 0.055559 0.017232 -0.002210  1448390916
-0.017024 0.003827 0.095893 0.009992 0.035426 0.056337 0.017461 -0.002285  1448390925
-0.017340 0.003820 0.096952 0.009926 0.035885 0.057203 0.017702 -0.002351  1448390934
-0.017567 0.003955 0.097859 0.009890 0.036295 0.057979 0.017882 -0.002243  1448390943
-0.017692 0.003964 0.099015 0.009909 0.036690 0.058653 0.018086 -0.002330  1448390952
-0.017912 0.003965 0.100012 0.009905 0.037160 0.059307 0.018303 -0.002276  1448390961
-0.018094 0.003943 0.101117 0.009945 0.037586 0.059895 0.018474 -0.002118  1448390970
-0.018292 0.003936 0.102190 0.009924 0.038090 0.060461 0.018658 -0.002021  1448390979
-0.018471 0.003910 0.103289 0.009950 0.038476 0.061018 0.018883 -0.001956  1448390989
-0.018663 0.003901 0.104478 0.009970 0.039036 0.061635 0.019056 -0.001848  1448390998
-0.018908 0.003796 0.105794 0.009993 0.039507 0.062150 0.019276 -0.002043  1448391007
-0.019046 0.003786 0.107100 0.010050 0.039998 0.062871 0.019503 -0.002079  1448391016
-0.019286 0.003806 0.108072 0.009988 0.040407 0.063690 0.019703 -0.002137  1448391025
-0.019552 0.003893 0.108894 0.009941 0.040755 0.064436 0.019877 -0.001986  1448391034
-0.019695 0.003907 0.109698 0.009906 0.041136 0.064996 0.020017 -0.001893  1448391043
-0.019826 0.003901 0.110703 0.009951 0.041529 0.065376 0.020187 -0.001637  1448391052
-0.019941 0.003819 0.111943 0.009967 0.042036 0.065843 0.020414 -0.001590  1448391061
-0.020121 0.003764 0.113201 0.010000 0.042535 0.066392 0.020622 -0.001674  1448391070
-0.020367 0.003768 0.114337 0.010012 0.042964 0.067138 0.020816 -0.001753  1448391079
-0.020636 0.003755 0.115206 0.009971 0.043327 0.067906 0.020988 -0.001795  1448391088
-0.020800 0.003852 0.115989 0.009928 0.043652 0.068590 0.021148 -0.001661  1448391097
-0.020997 0.003862 0.116754 0.009918 0.043965 0.069064 0.021333 -0.001534  1448391106
-0.021098 0.003854 0.117673 0.009936 0.044375 0.069464 0.021481 -0.001300  1448391115
-0.021249 0.003814 0.118719 0.009987 0.044812 0.069909 0.021690 -0.001238  1448391124
-0.021404 0.003727 0.120002 0.009985 0.045217 0.070368 0.021849 -0.001419  1448391133
-0.021628 0.003716 0.120880 0.010019 0.045686 0.070888 0.021971 -0.001381  1448391142
-0.021751 0.003705 0.121696 0.009999 0.046042 0.071461 0.022156 -0.001338  1448391151
-0.021889 0.003705 0.122545 0.009992 0.046371 0.071995 0.022347 -0.001240  1448391161
-0.022034 0.003698 0.123447 0.009988 0.046747 0.072475 0.022481 -0.001266  1448391170
-0.022239 0.003703 0.124316 0.009997 0.047095 0.072990 0.022646 -0.001332  1448391179
-0.022423 0.003723 0.125161 0.009994 0.047450 0.073468 0.022790 -0.001255  1448391188
-0.022527 0.003704 0.126118 0.009994 0.047802 0.074000 0.022978 -0.001163  1448391197
-0.022785 0.003672 0.127087 0.010012 0.048208 0.074635 0.023145 -0.001200  1448391206
-0.022994 0.003721 0.127845 0.009995 0.048543 0.075249 0.023289 -0.001246  1448391215
-0.023167 0.003725 0.128482 0.009934 0.048739 0.075825 0.023436 -0.001209  1448391224
-0.023234 0.003842 0.128958 0.009895 0.049030 0.076301 0.023572 -0.001054  1448391233
-0.023370 0.003852 0.129623 0.009921 0.049314 0.076638 0.023689 -0.000891  1448391242
-0.023460 0.003730 0.130536 0.009973 0.049627 0.076835 0.023831 -0.000777  1448391251
-0.023575 0.003663 0.131488 0.010010 0.050002 0.077245 0.023978 -0.000885  1448391260
-0.023763 0.003631 0.132497 0.010018 0.050387 0.077713 0.024126 -0.000925  1448391269
-0.023977 0.003625 0.133323 0.009993 0.050743 0.078373 0.024263 -0.001000  1448391278
-0.024148 0.003703 0.133913 0.009967 0.050970 0.079006 0.024431 -0.000989  1448391287
-0.024279 0.003759 0.134373 0.009903 0.051178 0.079463 0.024570 -0.000904  1448391296
-0.024400 0.003762 0.134990 0.009930 0.051455 0.079827 0.024710 -0.000722  1448391305
-0.024477 0.003707 0.135848 0.009967 0.051772 0.080051 0.024829 -0.000583  1448391314
-0.024550 0.003666 0.136777 0.009941 0.052165 0.080382 0.024990 -0.000655  1448391323
-0.024690 0.003619 0.137486 0.009971 0.052471 0.080812 0.025092 -0.000584  1448391332
-0.024834 0.003637 0.138123 0.009932 0.052716 0.081237 0.025229 -0.000539  1448391342
-0.024959 0.003653 0.138726 0.009948 0.052982 0.081737 0.025404 -0.000477  1448391351
-0.025148 0.003723 0.139436 0.009909 0.053230 0.082181 0.025531 -0.000468  1448391360
-0.025264 0.003665 0.140100 0.009939 0.053559 0.082570 0.025676 -0.000414  1448391369
-0.025351 0.003648 0.140875 0.009938 0.053806 0.082998 0.025729 -0.000404  1448391378
-0.025517 0.003715 0.141626 0.010002 0.054143 0.083298 0.025875 -0.000391  1448391387
-0.025627 0.003601 0.142444 0.010047 0.054449 0.083668 0.026056 -0.000474  1448391396
-0.025734 0.003554 0.143353 0.010052 0.054738 0.084017 0.026182 -0.000531  1448391405
-0.025902 0.003545 0.144213 0.010012 0.055121 0.084494 0.026251 -0.000572  1448391414
-0.026126 0.003554 0.144889 0.010018 0.055358 0.085042 0.026402 -0.000608  1448391423
-0.026274 0.003552 0.145528 0.009983 0.055664 0.085454 0.026552 -0.000593  1448391432
-0.026359 0.003578 0.146102 0.009927 0.055920 0.085989 0.026653 -0.000613  1448391441
-0.026514 0.003655 0.146564 0.009939 0.056079 0.086484 0.026795 -0.000547  1448391450
-0.026608 0.003667 0.146980 0.009905 0.056285 0.086818 0.026898 -0.000431  1448391459
-0.026743 0.003667 0.147547 0.009918 0.056523 0.087089 0.026993 -0.000271  1448391468
-0.026801 0.003615 0.148210 0.009943 0.056789 0.087266 0.027145 -0.000164  1448391477
-0.026867 0.003571 0.148837 0.009968 0.057157 0.087554 0.027256 -0.000202  1448391486
-0.026981 0.003488 0.149682 0.009993 0.057502 0.087884 0.027369 -0.000317  1448391495
-0.027169 0.003487 0.150471 0.009951 0.057778 0.088443 0.027493 -0.000411  1448391504
-0.027335 0.003594 0.150861 0.009941 0.057968 0.089039 0.027612 -0.000432  1448391514
-0.027463 0.003579 0.151608 0.009946 0.058192 0.089375 0.027740 -0.000416  1448391523
-0.027585 0.003549 0.152255 0.010002 0.058465 0.089711 0.027810 -0.000397  1448391532
-0.027705 0.003536 0.152848 0.009937 0.058721 0.090073 0.027991 -0.000379  1448391541
-0.027809 0.003512 0.153519 0.009987 0.059011 0.090338 0.028101 -0.000340  1448391550
-0.027922 0.003500 0.154027 0.010030 0.059289 0.090685 0.028230 -0.000337  1448391559
-0.028027 0.003481 0.154683 0.009977 0.059476 0.091135 0.028296 -0.000311  1448391568
-0.028172 0.003514 0.155187 0.009937 0.059719 0.091549 0.028407 -0.000285  1448391577
-0.028262 0.003502 0.155707 0.009957 0.059911 0.091915 0.028517 -0.000246  1448391586
-0.028390 0.003579 0.156238 0.009952 0.060140 0.092271 0.028605 -0.000194  1448391595
-0.028494 0.003571 0.156752 0.009933 0.060329 0.092637 0.028762 -0.000128  1448391604
-0.028526 0.003570 0.157212 0.009916 0.060552 0.092870 0.028853 -0.000037  1448391613
-0.028608 0.003562 0.157725 0.009952 0.060762 0.093070 0.028958 0.000121  1448391622
-0.028660 0.003485 0.158372 0.009977 0.061034 0.093273 0.029043 0.000179  1448391631
-0.028718 0.003462 0.159152 0.010005 0.061309 0.093489 0.029141 0.000100  1448391640
-0.028881 0.003378 0.159947 0.010019 0.061635 0.093816 0.029264 0.000015  1448391649
-0.029059 0.003391 0.160624 0.010018 0.061899 0.094253 0.029373 -0.000031  1448391658
-0.029212 0.003413 0.161110 0.009986 0.062113 0.094786 0.029476 -0.000097  1448391667
-0.029339 0.003456 0.161491 0.009980 0.062251 0.095219 0.029580 -0.000075  1448391676
-0.029430 0.003508 0.161811 0.009908 0.062434 0.095558 0.029673 0.000017  1448391685
-0.029491 0.003534 0.162206 0.009904 0.062606 0.095798 0.029769 0.000171  1448391695
-0.029543 0.003522 0.162795 0.009941 0.062816 0.095961 0.029901 0.000312  1448391704
-0.029616 0.003498 0.163337 0.009952 0.063061 0.096282 0.030022 0.000304  1448391713
-0.029735 0.003484 0.163993 0.009898 0.063318 0.096711 0.030111 0.000275  1448391722
-0.029872 0.003474 0.164539 0.009908 0.063526 0.097123 0.030186 0.000255  1448391731
-0.030004 0.003517 0.165150 0.009931 0.063782 0.097470 0.030331 0.000247  1448391740
-0.030121 0.003489 0.165838 0.009897 0.063968 0.097856 0.030452 0.000240  1448391749
-0.030223 0.003472 0.166429 0.009909 0.064272 0.098223 0.030558 0.000256  1448391758
-0.030347 0.003472 0.166828 0.009916 0.064495 0.098572 0.030680 0.000258  1448391767
-0.030443 0.003460 0.167266 0.009936 0.064733 0.098787 0.030778 0.000399  1448391776
-0.030493 0.003438 0.168124 0.009977 0.064991 0.099012 0.030887 0.000487  1448391785
-0.030622 0.003355 0.168625 0.009938 0.065251 0.099304 0.030999 0.000510  1448391794
-0.030671 0.003365 0.169357 0.009969 0.065524 0.099555 0.031068 0.000503  1448391803
-0.030831 0.003270 0.170147 0.009992 0.065827 0.099878 0.031191 0.000400  1448391812
-0.030954 0.003255 0.170767 0.009999 0.066129 0.100278 0.031312 0.000360  1448391821
-0.031070 0.003291 0.171254 0.009972 0.066397 0.100744 0.031406 0.000324  1448391830
-0.031260 0.003279 0.171859 0.009975 0.066673 0.101208 0.031527 0.000273  1448391839
-0.031396 0.003320 0.172313 0.009971 0.066792 0.101640 0.031677 0.000271  1448391848
-0.031479 0.003363 0.172778 0.009918 0.066960 0.102052 0.031760 0.000332  1448391857
-0.031566 0.003407 0.173277 0.009917 0.067157 0.102328 0.031866 0.000465  1448391866
-0.031642 0.003379 0.173597 0.009926 0.067372 0.102525 0.031985 0.000592  1448391876
-0.031716 0.003318 0.174075 0.009971 0.067582 0.102723 0.032066 0.000705  1448391885
-0.031774 0.003218 0.175002 0.010006 0.068003 0.102930 0.032173 0.000548  1448391894
-0.031954 0.003163 0.175495 0.009979 0.068282 0.103221 0.032267 0.000565  1448391903
-0.031977 0.003224 0.175975 0.009967 0.068353 0.103623 0.032296 0.000718  1448391912
-0.032157 0.003261 0.176533 0.009927 0.068625 0.103962 0.032449 0.000776  1448391921
-0.032187 0.003269 0.177149 0.009926 0.068845 0.104245 0.032561 0.000795  1448391930
-0.032284 0.003249 0.177521 0.009946 0.069026 0.104653 0.032668 0.000823  1448391939
-0.032454 0.003259 0.177870 0.009924 0.069277 0.105022 0.032752 0.000815  1448391948
-0.032491 0.003232 0.178337 0.009966 0.069459 0.105255 0.032870 0.000844  1448391957
-0.032609 0.003194 0.179266 0.009966 0.069764 0.105510 0.032970 0.000806  1448391966
-0.032713 0.003217 0.180013 0.009992 0.070043 0.105818 0.033085 0.000701  1448391975
-0.032822 0.003095 0.180540 0.010000 0.070270 0.106157 0.033168 0.000700  1448391984
-0.032963 0.003147 0.181142 0.010011 0.070538 0.106497 0.033295 0.000698  1448391993
-0.033081 0.003116 0.181598 0.009985 0.070742 0.106881 0.033355 0.000665  1448392002
-0.033232 0.003111 0.182356 0.009960 0.070946 0.107323 0.033437 0.000617  1448392011
-0.033382 0.003121 0.182625 0.009957 0.071105 0.107747 0.033579 0.000606  1448392020
-0.033479 0.003162 0.182931 0.009953 0.071205 0.108072 0.033682 0.000671  1448392029
-0.033510 0.003238 0.183487 0.009968 0.071312 0.108308 0.033798 0.000802  1448392038
-0.033496 0.003237 0.183782 0.009985 0.071520 0.108383 0.033865 0.000955  1448392047
-0.033540 0.003176 0.184011 0.009956 0.071823 0.108486 0.033959 0.001029  1448392057
-0.033642 0.003130 0.184484 0.009981 0.072125 0.108734 0.034017 0.000903  1448392066
-0.033769 0.003065 0.185244 0.010024 0.072369 0.109085 0.034121 0.000847  1448392075
-0.033905 0.003050 0.185961 0.009975 0.072587 0.109509 0.034216 0.000753  1448392084
-0.034042 0.003082 0.186448 0.010034 0.072764 0.109792 0.034269 0.000802  1448392093
-0.034111 0.003010 0.186891 0.010014 0.072979 0.109923 0.034365 0.000891  1448392102
-0.034127 0.003017 0.187054 0.010017 0.073146 0.110114 0.034445 0.000915  1448392111
-0.034230 0.003036 0.187370 0.010022 0.073307 0.110359 0.034574 0.000980  1448392120
-0.034261 0.002981 0.187788 0.009976 0.073472 0.110627 0.034631 0.000951  1448392129
-0.034359 0.002985 0.188154 0.009964 0.073683 0.110924 0.034708 0.000987  1448392138
-0.034401 0.003014 0.188962 0.010035 0.073909 0.111172 0.034811 0.000970  1448392147
-0.034547 0.002998 0.189542 0.010028 0.074048 0.111487 0.034883 0.000974  1448392156
-0.034666 0.002942 0.190103 0.010054 0.074201 0.111812 0.034971 0.000904  1448392165
-0.034770 0.002982 0.190402 0.010014 0.074391 0.112172 0.035069 0.000877  1448392174
-0.034875 0.003056 0.190672 0.009965 0.074523 0.112573 0.035130 0.000863  1448392183
-0.034907 0.003151 0.190778 0.009912 0.074678 0.112878 0.035207 0.000929  1448392192
-0.034993 0.003121 0.191090 0.009911 0.074749 0.113078 0.035279 0.001029  1448392201
-0.035051 0.003099 0.191417 0.009961 0.074864 0.113202 0.035378 0.001126  1448392210
-0.035094 0.003103 0.191811 0.009969 0.075049 0.113316 0.035396 0.001260  1448392219
-0.035129 0.003056 0.192240 0.009976 0.075270 0.113495 0.035479 0.001312  1448392228
-0.035199 0.002925 0.192649 0.010036 0.075480 0.113594 0.035553 0.001228  1448392238
-0.035293 0.002876 0.193007 0.010008 0.075741 0.113761 0.035637 0.001131  1448392247
-0.035360 0.002877 0.193764 0.009996 0.075999 0.114120 0.035684 0.001133  1448392256
-0.035511 0.002887 0.194589 0.010027 0.076110 0.114483 0.035793 0.001017  1448392265
-0.035603 0.002938 0.194479 0.009988 0.076226 0.114866 0.035849 0.001009  1448392274
-0.035719 0.003016 0.194902 0.009926 0.076328 0.115046 0.035878 0.001010  1448392283
-0.035745 0.002935 0.195584 0.009916 0.076581 0.115171 0.036022 0.001086  1448392292
-0.035756 0.002835 0.195805 0.009996 0.076720 0.115318 0.036051 0.001131  1448392301
-0.035895 0.002841 0.196189 0.010022 0.076965 0.115463 0.036140 0.001158  1448392310
-0.035931 0.002834 0.196447 0.010091 0.077080 0.115752 0.036233 0.001158  1448392319
-0.036057 0.002800 0.196439 0.009989 0.077288 0.116037 0.036271 0.001110  1448392328
-0.036102 0.002831 0.196734 0.009978 0.077382 0.116381 0.036358 0.001116  1448392337
-0.036217 0.002836 0.196892 0.009975 0.077490 0.116688 0.036454 0.001101  1448392346
-0.036296 0.002841 0.197064 0.009950 0.077574 0.116956 0.036511 0.001147  1448392355
-0.036336 0.002933 0.197290 0.009861 0.077716 0.117153 0.036576 0.001251  1448392364
-0.036373 0.002971 0.197481 0.009883 0.077867 0.117319 0.036610 0.001368  1448392373
-0.036409 0.002892 0.197955 0.009928 0.077998 0.117439 0.036682 0.001460  1448392382
-0.036456 0.002843 0.198320 0.009914 0.078199 0.117525 0.036754 0.001509  1448392391
-0.036482 0.002809 0.198795 0.009950 0.078385 0.117664 0.036821 0.001552  1448392400
-0.036559 0.002827 0.199732 0.009998 0.078578 0.117818 0.036900 0.001473  1448392410
-0.036615 0.002777 0.200276 0.009975 0.078809 0.118047 0.037002 0.001378  1448392419
-0.036714 0.002754 0.200591 0.010003 0.079035 0.118362 0.037088 0.001356  1448392428
-0.036853 0.002740 0.201259 0.010036 0.079167 0.118706 0.037140 0.001283  1448392437
-0.036967 0.002746 0.201223 0.009991 0.079282 0.119054 0.037219 0.001258  1448392446
-0.037049 0.002729 0.201608 0.009971 0.079425 0.119405 0.037304 0.001266  1448392455
-0.037130 0.002828 0.201677 0.009942 0.079506 0.119639 0.037376 0.001361  1448392464
-0.037181 0.002836 0.201985 0.009924 0.079641 0.119907 0.037443 0.001344  1448392473
-0.037277 0.002742 0.202724 0.009953 0.079915 0.120138 0.037526 0.001303  1448392482
-0.037352 0.002750 0.203140 0.009973 0.080144 0.120289 0.037581 0.001321  1448392491
-0.037423 0.002702 0.203486 0.009975 0.080291 0.120523 0.037684 0.001332  1448392500
-0.037517 0.002631 0.203919 0.010006 0.080552 0.120658 0.037760 0.001387  1448392509
-0.037596 0.002640 0.204435 0.010026 0.080726 0.120875 0.037827 0.001392  1448392518
-0.037632 0.002586 0.204984 0.010017 0.080932 0.121119 0.037910 0.001452  1448392527
-0.037749 0.002605 0.205501 0.010028 0.081065 0.121493 0.038021 0.001393  1448392536
-0.037840 0.002601 0.205885 0.009985 0.081252 0.121811 0.038090 0.001407  1448392545
-0.037947 0.002668 0.206465 0.010015 0.081374 0.122112 0.038190 0.001425  1448392554
-0.038022 0.002651 0.206701 0.009994 0.081526 0.122400 0.038306 0.001464  1448392563
-0.038049 0.002644 0.207002 0.009916 0.081669 0.122660 0.038363 0.001553  1448392572
-0.038153 0.002678 0.207483 0.009939 0.081844 0.122871 0.038381 0.001548  1448392581
-0.038244 0.002628 0.207695 0.009955 0.081968 0.123198 0.038498 0.001631  1448392591
-0.038326 0.002635 0.207875 0.009961 0.082156 0.123313 0.038591 0.001726  1448392600
-0.038323 0.002589 0.208128 0.009923 0.082377 0.123433 0.038689 0.001837  1448392609
-0.038337 0.002560 0.208786 0.009948 0.082645 0.123582 0.038718 0.001903  1448392618
-0.038440 0.002528 0.209129 0.009972 0.082908 0.123787 0.038812 0.001853  1448392627
-0.038525 0.002377 0.209868 0.010027 0.083258 0.124184 0.038940 0.001716  1448392636
-0.038751 0.002355 0.210258 0.009984 0.083414 0.124481 0.039011 0.001642  1448392645
-0.038865 0.002412 0.210496 0.009962 0.083533 0.124894 0.039106 0.001627  1448392654
-0.038956 0.002424 0.211011 0.010016 0.083701 0.125128 0.039193 0.001631  1448392663
-0.039031 0.002346 0.211520 0.010027 0.083985 0.125247 0.039302 0.001695  1448392672
-0.039043 0.002311 0.211943 0.010020 0.084172 0.125419 0.039339 0.001774  1448392681
-0.039092 0.002294 0.212201 0.010003 0.084342 0.125599 0.039409 0.001814  1448392690
-0.039177 0.002238 0.212500 0.010017 0.084570 0.125770 0.039489 0.001858  1448392699
-0.039229 0.002230 0.213053 0.009997 0.084727 0.126018 0.039545 0.001873  1448392708
-0.039317 0.002195 0.213448 0.010020 0.084862 0.126270 0.039644 0.001920  1448392717
-0.039412 0.002197 0.214157 0.010003 0.085062 0.126479 0.039724 0.001920  1448392726
-0.039472 0.002152 0.214398 0.010022 0.085237 0.126779 0.039814 0.001880  1448392735
-0.039603 0.002158 0.214823 0.010021 0.085407 0.127124 0.039855 0.001846  1448392744
-0.039724 0.002151 0.215328 0.010005 0.085544 0.127410 0.039929 0.001824  1448392753
-0.039818 0.002134 0.215436 0.009982 0.085613 0.127662 0.040059 0.001828  1448392762
-0.039849 0.002182 0.215543 0.009902 0.085750 0.127998 0.040094 0.001893  1448392772
-0.039906 0.002210 0.215708 0.009903 0.085917 0.128184 0.040136 0.001983  1448392781
-0.039981 0.002153 0.215774 0.009909 0.086024 0.128353 0.040208 0.002061  1448392790
-0.040012 0.002143 0.216052 0.009932 0.086131 0.128419 0.040296 0.002152  1448392799
-0.040020 0.002076 0.216364 0.009960 0.086263 0.128484 0.040371 0.002235  1448392808
-0.040051 0.001998 0.216720 0.009961 0.086452 0.128517 0.040394 0.002325  1448392817
-0.040099 0.001960 0.217178 0.010011 0.086590 0.128644 0.040500 0.002306  1448392826
-0.040136 0.001927 0.217652 0.010010 0.086847 0.128750 0.040562 0.002173  1448392835
-0.040259 0.001864 0.217878 0.010032 0.087039 0.129012 0.040567 0.002112  1448392844
-0.040367 0.001774 0.218105 0.009948 0.087159 0.129058 0.040584 0.002190  1448392853
-0.040342 0.001805 0.217981 0.009977 0.087165 0.129148 0.040649 0.002343  1448392862
-0.040398 0.001825 0.217997 0.009959 0.087234 0.129378 0.040761 0.002429  1448392871
-0.040363 0.001797 0.218395 0.009903 0.087302 0.129470 0.040707 0.002438  1448392880
-0.040450 0.001783 0.218365 0.009949 0.087353 0.129638 0.040778 0.002433  1448392889
-0.040520 0.001726 0.218560 0.009963 0.087463 0.129723 0.040828 0.002470  1448392898
-0.040533 0.001726 0.218738 0.009960 0.087526 0.129833 0.040828 0.002494  1448392907
-0.040619 0.001649 0.218882 0.009975 0.087638 0.129887 0.040884 0.002500  1448392916
-0.040640 0.001571 0.219244 0.009948 0.087743 0.129856 0.040943 0.002443  1448392925
-0.040629 0.001542 0.219319 0.010048 0.087806 0.129873 0.040964 0.002424  1448392934
-0.040678 0.001456 0.219428 0.009989 0.087913 0.129949 0.040976 0.002398  1448392944
-0.040683 0.001429 0.219616 0.010006 0.087992 0.129951 0.041030 0.002387  1448392953
-0.040755 0.001401 0.219551 0.010013 0.088079 0.130032 0.041030 0.002432  1448392962
-0.040782 0.001367 0.219698 0.010019 0.088117 0.130129 0.041031 0.002361  1448392971
-0.040828 0.001344 0.219735 0.010013 0.088138 0.130198 0.041020 0.002339  1448392980
-0.040871 0.001338 0.219659 0.009989 0.088146 0.130294 0.041060 0.002341  1448392989
-0.040920 0.001308 0.219523 0.009981 0.088082 0.130358 0.041057 0.002317  1448392998
-0.040906 0.001322 0.219388 0.009939 0.088082 0.130395 0.041036 0.002358  1448393007
-0.040903 0.001296 0.219182 0.009929 0.088046 0.130362 0.041074 0.002406  1448393016
-0.040903 0.001253 0.219074 0.009900 0.087966 0.130279 0.041067 0.002462  1448393025
-0.040798 0.001171 0.218805 0.009915 0.087948 0.129884 0.041046 0.002746  1448393034
-0.040730 0.001127 0.218554 0.009930 0.087917 0.129877 0.041005 0.002738  1448393043
-0.040727 0.001121 0.218412 0.009896 0.087846 0.129907 0.041025 0.002668  1448393052
-0.040774 0.001117 0.218440 0.009937 0.087811 0.129973 0.041013 0.002530  1448393061
-0.040814 0.001089 0.218369 0.009957 0.087825 0.129815 0.041023 0.002491  1448393070
-0.040846 0.000990 0.218193 0.009924 0.087816 0.129693 0.040962 0.002517  1448393079
-0.040764 0.000934 0.218133 0.010004 0.087777 0.129509 0.040880 0.002484  1448393088
-0.040767 0.000925 0.217900 0.010016 0.087781 0.129220 0.040894 0.002524  1448393097
-0.040712 0.000807 0.217645 0.010007 0.087652 0.129112 0.040893 0.002532  1448393106
-0.040695 0.000693 0.217326 0.010056 0.087600 0.128964 0.040802 0.002548  1448393115
-0.040690 0.000682 0.217012 0.010012 0.087438 0.128865 0.040755 0.002558  1448393125
-0.040663 0.000689 0.216620 0.009957 0.087248 0.128731 0.040732 0.002597  1448393134
-0.040601 0.000699 0.216216 0.009934 0.087199 0.128550 0.040649 0.002626  1448393143
-0.040507 0.000727 0.215803 0.010007 0.087083 0.128274 0.040672 0.002612  1448393152
-0.040422 0.000669 0.215403 0.009949 0.086905 0.128081 0.040598 0.002679  1448393161
-0.040391 0.000602 0.214894 0.009937 0.086763 0.127886 0.040546 0.002752  1448393170
-0.040308 0.000561 0.214454 0.009920 0.086585 0.127568 0.040471 0.002806  1448393179
-0.040251 0.000498 0.213815 0.009922 0.086421 0.127277 0.040400 0.002902  1448393188
-0.040125 0.000475 0.213369 0.009935 0.086311 0.126957 0.040328 0.002985  1448393197
-0.040035 0.000384 0.212915 0.009922 0.086155 0.126602 0.040232 0.003025  1448393206
-0.039942 0.000336 0.212443 0.009921 0.085998 0.126242 0.040158 0.003092  1448393215
-0.039879 0.000275 0.212306 0.009959 0.085963 0.125881 0.040150 0.002946  1448393224
-0.039746 0.000173 0.211543 0.009949 0.085715 0.125615 0.040039 0.003116  1448393233
-0.039743 0.000176 0.210966 0.009931 0.085459 0.125430 0.039953 0.003089  1448393242
-0.039649 0.000156 0.210504 0.009917 0.085211 0.125180 0.039857 0.002995  1448393251
-0.039653 0.000169 0.210114 0.009944 0.085030 0.124959 0.039763 0.002882  1448393260
-0.039649 0.000134 0.209635 0.009975 0.084891 0.124653 0.039775 0.002838  1448393269
-0.039558 0.000005 0.209075 0.009924 0.084683 0.124246 0.039579 0.002829  1448393278
-0.039475 0.000015 0.208425 0.009977 0.084482 0.123929 0.039531 0.002845  1448393287
-0.039372 -0.000047 0.207783 0.009923 0.084262 0.123576 0.039413 0.002862  1448393296
-0.039265 -0.000076 0.207161 0.009958 0.084027 0.123224 0.039253 0.002892  1448393306
-0.039198 -0.000099 0.206517 0.009930 0.083787 0.122826 0.039138 0.002920  1448393315
-0.039077 -0.000156 0.205817 0.009901 0.083553 0.122465 0.039083 0.002944  1448393324
-0.038920 -0.000186 0.205179 0.009953 0.083226 0.122013 0.038982 0.002939  1448393333
-0.038833 -0.000236 0.204453 0.009961 0.083002 0.121597 0.038912 0.002960  1448393342
-0.038724 -0.000258 0.203724 0.009925 0.082708 0.121191 0.038772 0.002999  1448393351
-0.038572 -0.000263 0.202973 0.009903 0.082439 0.120809 0.038670 0.003073  1448393360
-0.038456 -0.000366 0.202185 0.009888 0.082167 0.120324 0.038554 0.003108  1448393369
-0.038332 -0.000392 0.201462 0.009903 0.081891 0.119876 0.038448 0.003171  1448393378
-0.038174 -0.000421 0.200673 0.009899 0.081636 0.119414 0.038291 0.003228  1448393387
-0.038048 -0.000514 0.199957 0.009948 0.081328 0.118873 0.038226 0.003309  1448393396
-0.037888 -0.000572 0.199175 0.009928 0.081078 0.118384 0.038076 0.003397  1448393405
-0.037780 -0.000661 0.198625 0.009949 0.080832 0.117903 0.037946 0.003384  1448393414
-0.037642 -0.000688 0.197735 0.009895 0.080543 0.117479 0.037824 0.003396  1448393423
-0.037541 -0.000672 0.197004 0.009943 0.080206 0.117149 0.037705 0.003269  1448393432
-0.037476 -0.000675 0.196272 0.009885 0.079933 0.116779 0.037588 0.003253  1448393441
-0.037372 -0.000701 0.195675 0.009912 0.079613 0.116393 0.037441 0.003233  1448393450
-0.037266 -0.000696 0.194957 0.009911 0.079352 0.115936 0.037346 0.003188  1448393459
-0.037107 -0.000755 0.194238 0.009918 0.079060 0.115458 0.037192 0.003132  1448393468
-0.037040 -0.000740 0.193592 0.009879 0.078769 0.114996 0.037059 0.003204  1448393478
-0.036857 -0.000772 0.192776 0.009907 0.078454 0.114501 0.036920 0.003270  1448393487
-0.036722 -0.000837 0.192030 0.009917 0.078062 0.113993 0.036801 0.003287  1448393496
-0.036558 -0.000857 0.191236 0.009908 0.077735 0.113475 0.036687 0.003376  1448393505
-0.036411 -0.000906 0.190435 0.009942 0.077435 0.112964 0.036570 0.003395  1448393514
-0.036260 -0.000970 0.189696 0.009929 0.077108 0.112430 0.036369 0.003455  1448393523
-0.036136 -0.001021 0.188871 0.009930 0.076752 0.111939 0.036235 0.003492  1448393532
-0.035943 -0.001052 0.187981 0.009943 0.076512 0.111447 0.036119 0.003552  1448393541
-0.035782 -0.001032 0.187322 0.009931 0.076187 0.110951 0.035962 0.003573  1448393550
-0.035659 -0.001110 0.186485 0.009944 0.075844 0.110359 0.035831 0.003603  1448393559
-0.035491 -0.001142 0.185510 0.009970 0.075532 0.109848 0.035711 0.003631  1448393568
-0.035330 -0.001183 0.184783 0.009951 0.075268 0.109338 0.035543 0.003614  1448393577
-0.035198 -0.001241 0.183922 0.009957 0.074939 0.108763 0.035397 0.003598  1448393586
-0.035073 -0.001248 0.183181 0.009971 0.074607 0.108248 0.035273 0.003550  1448393595
-0.034911 -0.001286 0.182501 0.009994 0.074263 0.107770 0.035107 0.003465  1448393604
-0.034782 -0.001278 0.181561 0.010024 0.073929 0.107254 0.035004 0.003580  1448393613
-0.034645 -0.001352 0.180623 0.009950 0.073526 0.106803 0.034786 0.003690  1448393622
-0.034495 -0.001321 0.179780 0.009921 0.073083 0.106414 0.034667 0.003577  1448393631
-0.034425 -0.001328 0.178947 0.009956 0.072779 0.105986 0.034535 0.003512  1448393640
-0.034297 -0.001308 0.178122 0.009933 0.072500 0.105486 0.034360 0.003464  1448393650
-0.034170 -0.001376 0.177320 0.009949 0.072193 0.104970 0.034253 0.003381  1448393659
-0.034045 -0.001345 0.176560 0.009938 0.071845 0.104476 0.034065 0.003376  1448393668
-0.033912 -0.001364 0.175771 0.009962 0.071587 0.103926 0.033939 0.003392  1448393677
-0.033800 -0.001348 0.175150 0.009969 0.071206 0.103420 0.033770 0.003395  1448393686
-0.033635 -0.001385 0.174306 0.009957 0.070893 0.102961 0.033634 0.003429  1448393695
-0.033516 -0.001412 0.173489 0.009973 0.070523 0.102407 0.033526 0.003426  1448393704
-0.033342 -0.001430 0.172415 0.009991 0.070166 0.101938 0.033395 0.003438  1448393713
-0.033143 -0.001449 0.171666 0.009921 0.069826 0.101456 0.033213 0.003491  1448393722
-0.033037 -0.001465 0.170857 0.009928 0.069513 0.100983 0.033039 0.003498  1448393731
-0.032901 -0.001527 0.169972 0.009942 0.069156 0.100513 0.032901 0.003528  1448393740
-0.032715 -0.001529 0.169152 0.009906 0.068801 0.099985 0.032776 0.003557  1448393749
-0.032579 -0.001522 0.168400 0.009909 0.068490 0.099514 0.032595 0.003612  1448393758
-0.032472 -0.001579 0.167639 0.009884 0.068202 0.099005 0.032470 0.003633  1448393767
-0.032242 -0.001677 0.166727 0.009985 0.067743 0.098416 0.032371 0.003836  1448393776
-0.032057 -0.001723 0.165973 0.009961 0.067545 0.097804 0.032226 0.003871  1448393785
-0.031855 -0.001718 0.165212 0.009934 0.067256 0.097350 0.032112 0.003877  1448393794
-0.031752 -0.001727 0.164293 0.009932 0.066851 0.096967 0.031955 0.003866  1448393803
-0.031654 -0.001724 0.163673 0.009904 0.066518 0.096608 0.031816 0.003724  1448393812
-0.031581 -0.001675 0.163100 0.009940 0.066275 0.096203 0.031677 0.003591  1448393822
-0.031516 -0.001619 0.162404 0.010000 0.066019 0.095735 0.031576 0.003567  1448393831
-0.031389 -0.001694 0.161716 0.010011 0.065763 0.095206 0.031419 0.003641  1448393840
-0.031210 -0.001718 0.160928 0.009993 0.065494 0.094697 0.031312 0.003641  1448393849
-0.031030 -0.001751 0.160173 0.010020 0.065176 0.094197 0.031165 0.003708  1448393858
-0.030915 -0.001754 0.159459 0.009993 0.064887 0.093825 0.031013 0.003689  1448393867
-0.030751 -0.001785 0.158729 0.009991 0.064587 0.093394 0.030878 0.003724  1448393876
-0.030689 -0.001778 0.158056 0.010014 0.064327 0.092969 0.030775 0.003683  1448393885
-0.030541 -0.001801 0.157352 0.009983 0.064020 0.092541 0.030669 0.003705  1448393894
-0.030383 -0.001793 0.156707 0.010031 0.063809 0.092158 0.030563 0.003746  1448393903
-0.030311 -0.001812 0.155953 0.010010 0.063476 0.091733 0.030400 0.003715  1448393912
-0.030195 -0.001802 0.155323 0.010004 0.063182 0.091340 0.030256 0.003715  1448393921
-0.030101 -0.001783 0.154611 0.009985 0.062889 0.090989 0.030105 0.003687  1448393930
-0.030000 -0.001827 0.153934 0.009979 0.062613 0.090572 0.030006 0.003677  1448393939
-0.029866 -0.001815 0.153265 0.010011 0.062334 0.090160 0.029925 0.003671  1448393948
-0.029748 -0.001803 0.152675 0.009971 0.062059 0.089772 0.029799 0.003687  1448393957
-0.029593 -0.001780 0.151900 0.009953 0.061736 0.089419 0.029667 0.003682  1448393966
-0.029507 -0.001772 0.151035 0.009907 0.061435 0.089056 0.029525 0.003870  1448393975
-0.029338 -0.001875 0.150370 0.009918 0.061165 0.088677 0.029505 0.003912  1448393984
-0.029241 -0.001910 0.149755 0.010002 0.060966 0.088276 0.029355 0.003763  1448393994
-0.029199 -0.001850 0.149262 0.009979 0.060755 0.087844 0.029204 0.003756  1448394003
-0.029012 -0.001837 0.148674 0.010008 0.060478 0.087404 0.029090 0.003783  1448394012
-0.028884 -0.001925 0.147973 0.010011 0.060318 0.087034 0.029023 0.003858  1448394021
-0.028713 -0.001940 0.147368 0.009994 0.060020 0.086593 0.028863 0.003932  1448394030
-0.028544 -0.001987 0.146611 0.010026 0.059747 0.086251 0.028806 0.004064  1448394039
-0.028442 -0.002024 0.146055 0.009987 0.059441 0.085874 0.028651 0.004064  1448394048
