%%
%%   +-------+--------------+  Top            This diagram illustrates what
%%   |       |              |                 the columns in this file
%%   |       |_             /\                correspond to.  Voltages are
%%   |      /+ \     +--------------+         all in volts.
%%   |     | V3 |    |      __      |
%%   |      \-_/     |     /  \     |         In addition to V1...V7, column
%%   +---+   |  +---(|----|-V2+|----|)---+    eight is the thermocouple
%%   /   |_  |  |_   |     \__/     |    |_   voltage, column nine is an
%%   \  /+ \ | /+ \  |              |   /+ \  encoded time.
%%   / | V4 ||| V5 | |              |  | V6 |
%%   \  \-_/ | \-_/  |      __      |   \-_/
%%   /   |   |  |    |     /  \     |    |
%%   +---+   |  +---(|----|-V1+|----|)---+
%%   |       |  |_   |     \__/     |
%%   8 I     | /+ \  |              |
%%   |       || V7 | +--------------+
%%   |       | \-_/         \/
%%   |       |  |           |
%%   +-------+--+-----------+  Bottom
%%
%% Measurement started Tue Nov 17 10:59:57 2015
-0.000013 -0.000001 0.000005 -0.000002 0.000045 -0.000012 0.000012 0.000879  1447776016
-0.000002 0.000007 0.000011 0.000009 0.000007 0.000034 0.000014 0.000885  1447776025
-0.000016 0.000025 0.000016 -0.000012 0.000004 0.000004 0.000023 0.000900  1447776034
0.000004 0.000001 0.000002 0.000009 0.000022 0.000016 -0.000000 0.000912  1447776043
-0.000031 0.000024 0.000025 0.000016 0.000016 -0.000006 -0.000004 0.000901  1447776052
-0.000014 0.000016 0.000038 0.000023 -0.000012 0.000012 -0.000002 0.000922  1447776061
-0.000010 -0.000010 0.000008 0.000005 -0.000003 0.000030 0.000025 0.000938  1447776070
-0.000001 0.000009 0.000020 0.000017 0.000015 0.000007 -0.000011 0.000944  1447776079
-0.000009 0.000007 0.000015 -0.000006 0.000001 0.000010 -0.000020 0.000956  1447776088
-0.000023 0.000053 -0.000006 -0.000008 0.000008 0.000010 0.000002 0.000970  1447776097
0.000027 0.000019 0.000032 0.000028 0.000010 0.000007 0.000034 0.001008  1447776106
-0.000001 -0.000023 0.000008 0.000025 -0.000015 0.000010 0.000063 0.001018  1447776115
0.000022 -0.000003 -0.000014 0.000022 -0.000021 -0.000035 0.000031 0.001034  1447776124
0.000005 0.000002 0.000019 -0.000025 0.000010 0.000026 -0.000027 0.001060  1447776133
-0.000012 0.000004 0.000017 0.000003 0.000005 0.000005 -0.000018 0.001081  1447776142
-0.000067 -0.000039 0.000017 0.000000 -0.000027 0.000011 0.000016 0.001125  1447776151
-0.000034 -0.000008 -0.000000 0.000016 -0.000005 0.000005 -0.000014 0.000969  1447776160
0.000015 0.000012 -0.000006 -0.000005 -0.000001 0.000003 0.000007 0.001145  1447776169
0.000045 0.000035 0.000002 0.000001 -0.000003 0.000029 0.000014 0.001194  1447776179
0.000022 0.000003 -0.000009 0.000038 -0.000011 -0.000011 0.000038 0.001214  1447776188
-0.000004 0.000003 0.000004 -0.000017 -0.000024 0.000011 0.000030 0.001247  1447776197
-0.000006 -0.000012 -0.000010 -0.000047 -0.000034 0.000009 0.000021 0.001293  1447776206
0.000000 0.000009 -0.000008 -0.000016 -0.000033 0.000028 -0.000005 0.001341  1447776215
-0.000015 0.000043 0.000015 0.000003 0.000002 0.000013 -0.000012 0.001341  1447776224
-0.000029 -0.000009 0.000012 -0.000031 0.000005 0.000043 0.000004 0.001397  1447776233
0.000066 -0.000017 0.000043 0.000031 -0.000049 -0.000022 0.000070 0.001406  1447776242
0.000028 -0.000009 -0.000006 0.000003 -0.000027 -0.000006 0.000023 0.001431  1447776251
-0.000032 0.000006 -0.000031 -0.000006 0.000011 0.000014 -0.000003 0.001468  1447776260
-0.000011 0.000038 -0.000015 -0.000004 0.000010 0.000001 0.000014 0.001499  1447776269
0.000007 0.000025 0.000000 -0.000000 -0.000017 -0.000014 0.000045 0.001525  1447776278
0.000039 0.000010 -0.000004 -0.000014 0.000003 -0.000018 0.000009 0.001580  1447776287
0.000005 0.000025 0.000022 0.000029 -0.000034 -0.000005 0.000029 0.001615  1447776296
-0.000012 0.000017 0.000029 0.000030 -0.000011 -0.000005 -0.000006 0.001640  1447776305
-0.000004 0.000008 0.000021 0.000014 -0.000005 0.000001 0.000022 0.001682  1447776314
-0.000021 0.000003 0.000040 0.000009 -0.000006 0.000053 0.000032 0.001704  1447776323
-0.000001 -0.000013 0.000029 0.000003 -0.000011 0.000003 0.000018 0.001745  1447776332
-0.000011 0.000016 0.000021 0.000001 0.000003 0.000039 0.000023 0.001802  1447776341
-0.000035 -0.000024 0.000029 0.000030 -0.000008 0.000026 0.000039 0.001826  1447776351
0.000029 0.000012 0.000008 -0.000029 -0.000010 0.000006 0.000004 0.001878  1447776360
-0.000020 0.000007 0.000020 -0.000002 0.000010 0.000019 0.000000 0.001893  1447776369
0.000005 -0.000004 0.000054 0.000018 0.000003 0.000008 -0.000011 0.001954  1447776378
-0.000030 0.000045 0.000028 0.000056 0.000010 0.000034 -0.000039 0.001965  1447776387
0.000022 0.000015 0.000027 0.000058 0.000022 -0.000009 0.000030 0.001993  1447776396
-0.000014 -0.000044 -0.000020 0.000041 -0.000034 0.000077 0.000044 0.002056  1447776405
-0.000025 -0.000039 -0.000062 -0.000002 0.000029 0.000059 0.000038 0.002072  1447776414
0.000043 -0.000006 0.000049 0.000002 -0.000036 0.000041 0.000004 0.002108  1447776423
-0.000018 0.000024 0.000020 -0.000024 0.000042 0.000051 -0.000010 0.002160  1447776432
-0.000041 0.000023 0.000033 -0.000023 0.000018 0.000053 -0.000019 0.002175  1447776441
-0.000018 -0.000005 0.000014 0.000026 0.000020 0.000007 0.000062 0.002210  1447776450
-0.000008 0.000006 0.000093 0.000018 -0.000062 0.000003 -0.000015 0.002238  1447776459
-0.000058 -0.000036 0.000052 0.000000 0.000013 0.000022 0.000011 0.002283  1447776468
-0.000010 0.000010 0.000024 -0.000022 0.000042 0.000049 0.000026 0.002331  1447776477
-0.000016 0.000033 0.000043 0.000017 0.000046 0.000037 0.000001 0.002387  1447776486
-0.000025 0.000040 0.000049 -0.000021 0.000024 0.000089 0.000023 0.002422  1447776495
-0.000012 0.000012 0.000040 0.000006 0.000006 0.000030 0.000046 0.002408  1447776504
-0.000001 0.000017 0.000058 0.000033 0.000030 0.000018 0.000041 0.002451  1447776514
0.000018 0.000009 0.000065 -0.000002 0.000015 0.000030 0.000015 0.002535  1447776523
-0.000006 -0.000005 0.000030 0.000008 -0.000006 0.000044 0.000018 0.002510  1447776532
-0.000059 -0.000026 0.000083 0.000013 -0.000005 0.000018 0.000013 0.002607  1447776541
-0.000000 -0.000003 0.000081 0.000033 0.000006 0.000057 0.000009 0.002574  1447776550
-0.000032 0.000000 -0.000020 -0.000035 0.000056 0.000051 0.000046 0.002579  1447776559
0.000012 -0.000000 0.000072 0.000007 0.000087 0.000072 0.000004 0.002645  1447776568
-0.000027 0.000007 0.000052 0.000007 0.000034 0.000062 0.000026 0.002731  1447776577
-0.000010 0.000036 0.000033 0.000025 0.000041 0.000045 0.000003 0.002736  1447776586
-0.000036 0.000016 0.000052 -0.000002 0.000029 0.000030 0.000007 0.002727  1447776595
-0.000009 -0.000002 0.000037 -0.000000 0.000059 0.000070 0.000038 0.002827  1447776604
0.000022 0.000011 0.000036 -0.000004 0.000046 0.000043 0.000025 0.002795  1447776613
-0.000009 -0.000016 0.000064 -0.000001 0.000026 0.000033 0.000007 0.002837  1447776622
-0.000008 0.000029 0.000031 -0.000004 0.000047 0.000049 0.000004 0.002824  1447776631
0.000024 0.000043 0.000046 -0.000001 0.000027 0.000051 -0.000020 0.002914  1447776640
0.000002 -0.000001 0.000049 -0.000006 0.000049 0.000064 -0.000022 0.002916  1447776649
-0.000045 -0.000049 0.000037 -0.000000 -0.000008 0.000044 0.000028 0.002967  1447776658
0.000014 0.000000 0.000048 0.000023 0.000054 0.000059 0.000035 0.003008  1447776667
0.000021 0.000006 0.000063 0.000026 0.000017 0.000041 0.000032 0.003011  1447776676
-0.000005 -0.000003 0.000099 0.000054 0.000038 0.000072 0.000037 0.003067  1447776686
-0.000008 -0.000008 0.000069 0.000017 0.000040 0.000036 -0.000014 0.003061  1447776695
-0.000030 -0.000000 0.000057 0.000003 0.000043 0.000051 0.000002 0.003112  1447776704
-0.000022 -0.000012 0.000046 -0.000032 0.000038 0.000056 0.000005 0.003129  1447776713
-0.000019 0.000001 0.000060 -0.000013 0.000061 0.000055 0.000002 0.003157  1447776722
0.000003 0.000013 0.000032 -0.000057 0.000090 0.000064 -0.000021 0.003200  1447776731
-0.000025 0.000053 0.000038 -0.000010 0.000083 0.000085 -0.000003 0.003224  1447776740
-0.000004 0.000028 0.000068 0.000008 0.000032 0.000087 -0.000032 0.003231  1447776749
0.000021 0.000028 0.000051 -0.000073 0.000053 0.000051 0.000003 0.003263  1447776758
0.000059 0.000036 0.000095 -0.000042 0.000019 0.000053 -0.000003 0.003269  1447776767
0.000024 0.000012 0.000075 0.000002 0.000032 0.000032 0.000019 0.003299  1447776776
0.000012 0.000030 0.000116 0.000037 0.000026 0.000050 0.000017 0.003317  1447776785
0.000025 -0.000011 0.000039 -0.000003 0.000051 0.000073 0.000015 0.003357  1447776794
0.000037 0.000004 0.000063 0.000013 0.000030 0.000083 -0.000005 0.003367  1447776803
-0.000010 0.000010 0.000064 0.000000 0.000071 0.000049 -0.000001 0.003407  1447776812
0.000023 0.000013 0.000039 -0.000028 0.000047 0.000036 0.000001 0.003409  1447776821
0.000041 0.000001 0.000026 -0.000001 0.000026 0.000039 0.000021 0.003439  1447776830
0.000002 0.000006 0.000072 0.000007 0.000035 0.000011 0.000007 0.003472  1447776839
0.000000 0.000020 0.000055 0.000041 0.000032 0.000046 0.000041 0.003476  1447776849
0.000011 -0.000021 0.000065 -0.000006 0.000002 0.000058 0.000003 0.003500  1447776858
-0.000003 0.000008 0.000042 -0.000041 0.000054 0.000056 -0.000023 0.003518  1447776867
0.000035 0.000019 0.000006 -0.000035 0.000096 0.000103 -0.000034 0.003552  1447776876
-0.000020 0.000018 0.000037 0.000000 0.000053 0.000058 0.000010 0.003558  1447776885
0.000002 -0.000014 0.000083 0.000032 0.000009 0.000034 0.000058 0.003570  1447776894
0.000007 0.000018 0.000027 0.000008 0.000020 -0.000003 0.000054 0.003603  1447776903
0.000038 0.000015 0.000036 -0.000002 0.000052 0.000034 0.000020 0.003631  1447776912
0.000005 0.000016 0.000072 -0.000001 0.000069 0.000094 -0.000024 0.003652  1447776921
-0.000029 0.000002 0.000092 0.000034 0.000061 0.000037 -0.000024 0.003676  1447776930
-0.000004 0.000019 0.000064 0.000016 0.000031 0.000045 0.000010 0.003688  1447776939
0.000013 -0.000017 0.000060 0.000020 -0.000002 0.000037 0.000021 0.003706  1447776948
-0.000009 0.000007 0.000044 0.000003 0.000024 0.000057 0.000018 0.003724  1447776957
0.000018 0.000021 0.000073 0.000034 0.000033 0.000007 0.000039 0.003743  1447776966
-0.000021 -0.000047 0.000048 0.000003 0.000030 0.000065 0.000011 0.003765  1447776975
0.000013 -0.000022 0.000085 0.000038 0.000029 0.000025 -0.000016 0.003790  1447776984
0.000024 0.000002 0.000013 -0.000027 0.000019 0.000046 -0.000008 0.003800  1447776993
0.000001 0.000028 0.000032 0.000015 0.000055 0.000067 0.000019 0.003804  1447777002
0.000014 -0.000019 0.000048 0.000009 -0.000015 0.000049 0.000015 0.003834  1447777012
0.000006 -0.000010 0.000064 0.000013 0.000032 0.000033 0.000014 0.003841  1447777021
-0.000015 0.000032 0.000041 0.000043 0.000034 -0.000001 0.000023 0.003860  1447777030
0.000013 0.000004 0.000057 0.000002 0.000005 0.000029 -0.000017 0.003886  1447777039
-0.000013 0.000005 0.000017 -0.000032 0.000063 0.000058 -0.000013 0.003895  1447777048
-0.000024 0.000017 0.000023 -0.000019 0.000055 0.000032 -0.000015 0.003906  1447777057
-0.000004 -0.000008 0.000008 0.000002 0.000034 0.000040 0.000001 0.003908  1447777066
0.000011 0.000039 0.000032 -0.000028 0.000047 0.000047 -0.000010 0.003928  1447777075
-0.000009 -0.000007 0.000076 0.000002 0.000024 -0.000005 0.000030 0.003939  1447777084
-0.000028 -0.000009 0.000063 0.000024 0.000020 0.000019 0.000031 0.003969  1447777093
0.000025 0.000036 0.000030 0.000016 0.000028 0.000052 0.000016 0.003978  1447777102
-0.000023 -0.000025 0.000030 0.000007 0.000015 0.000060 -0.000022 0.003988  1447777111
-0.000010 0.000033 0.000035 0.000012 0.000030 0.000063 0.000014 0.004015  1447777120
-0.000009 0.000053 0.000009 -0.000000 0.000046 0.000042 0.000009 0.004023  1447777129
0.000022 -0.000021 0.000063 -0.000005 0.000008 0.000026 0.000001 0.004031  1447777138
0.000026 0.000000 0.000039 0.000004 0.000016 0.000038 -0.000010 0.004047  1447777147
0.000050 -0.000010 0.000026 0.000005 0.000002 0.000043 -0.000025 0.004066  1447777156
-0.000008 0.000024 0.000074 0.000018 0.000020 0.000037 -0.000014 0.004080  1447777166
0.000016 0.000025 0.000053 0.000004 0.000017 0.000012 0.000009 0.004098  1447777175
0.000018 -0.000014 0.000004 -0.000015 0.000036 0.000032 0.000042 0.004093  1447777184
-0.000004 -0.000000 0.000028 0.000027 0.000037 0.000005 0.000017 0.004111  1447777193
-0.000003 -0.000009 0.000020 -0.000025 0.000010 0.000009 -0.000005 0.004123  1447777202
0.000040 0.000014 0.000056 -0.000001 0.000037 -0.000002 -0.000030 0.004142  1447777211
-0.000026 -0.000006 0.000023 -0.000013 0.000001 0.000017 -0.000016 0.004150  1447777220
-0.000029 -0.000018 0.000004 -0.000008 0.000020 0.000038 -0.000001 0.004163  1447777229
-0.000017 0.000010 0.000023 -0.000004 0.000006 0.000016 0.000003 0.004174  1447777238
0.000004 0.000039 0.000011 -0.000010 0.000007 0.000028 0.000016 0.004180  1447777247
-0.000006 0.000037 0.000014 -0.000340 0.000015 0.000031 0.000026 0.004184  1447777256
0.000025 0.000045 0.000002 0.000006 0.000030 0.000024 -0.000020 0.004159  1447777265
0.000015 0.000006 0.000020 0.000032 0.000023 0.000037 0.000013 0.004237  1447777274
0.000029 0.000006 0.000007 0.000003 0.000010 -0.000017 0.000018 0.004897  1447777283
0.000000 -0.000001 0.000024 0.000014 0.000003 0.000008 0.000013 0.004150  1447777292
0.000007 -0.000038 0.000023 0.000029 -0.000013 0.000017 0.000045 0.004294  1447777301
