%%
%%   +-------+--------------+  Top            This diagram illustrates what
%%   |       |              |                 the columns in this file
%%   |       |_             /\                correspond to.  Voltages are
%%   |      /+ \     +--------------+         all in volts.
%%   |     | V3 |    |      __      |
%%   |      \-_/     |     /  \     |         In addition to V1...V7, column
%%   +---+   |  +---(|----|-V2+|----|)---+    eight is the thermocouple
%%   /   |_  |  |_   |     \__/     |    |_   voltage, column nine is an
%%   \  /+ \ | /+ \  |              |   /+ \  encoded time.
%%   / | V4 ||| V5 | |              |  | V6 |
%%   \  \-_/ | \-_/  |      __      |   \-_/
%%   /   |   |  |    |     /  \     |    |
%%   +---+   |  +---(|----|-V1+|----|)---+
%%   |       |  |_   |     \__/     |
%%   8 I     | /+ \  |              |
%%   |       || V7 | +--------------+
%%   |       | \-_/         \/
%%   |       |  |           |
%%   +-------+--+-----------+  Bottom
%%
%% Measurement started Thu Nov 12 11:25:40 2015
0.000046 0.000061 -0.000139 0.000020 -0.000122 -0.000112 0.000017 -0.004309  1447345559
0.000026 -0.000014 -0.000131 0.000010 -0.000116 -0.000139 0.000011 -0.004344  1447345568
0.000020 -0.000002 -0.000132 -0.000017 -0.000070 -0.000106 -0.000049 -0.004390  1447345577
-0.000013 0.000043 -0.000121 0.000016 -0.000109 -0.000051 -0.000034 -0.004404  1447345586
-0.000013 -0.000028 -0.000112 0.000014 -0.000108 -0.000079 -0.000042 -0.004444  1447345595
-0.000023 -0.000010 -0.000092 0.000019 -0.000106 -0.000084 0.000013 -0.004518  1447345604
0.000002 -0.000010 -0.000112 0.000022 -0.000113 -0.000066 -0.000031 -0.004539  1447345613
-0.000019 0.000033 -0.000106 -0.000002 -0.000067 -0.000079 0.000030 -0.004543  1447345622
0.000066 0.000008 -0.000116 0.000002 -0.000086 -0.000121 0.000006 -0.004575  1447345632
0.000030 -0.000003 -0.000117 0.000048 -0.000101 -0.000066 0.000043 -0.004624  1447345641
0.000045 0.000012 -0.000129 0.000026 -0.000117 -0.000092 0.000024 -0.004683  1447345650
-0.000005 -0.000014 -0.000115 0.000028 -0.000071 -0.000110 0.000011 -0.004719  1447345659
0.000025 -0.000008 -0.000105 -0.000011 -0.000066 -0.000089 -0.000030 -0.004677  1447345668
0.000063 0.000024 -0.000137 0.000033 -0.000090 -0.000114 -0.000050 -0.004873  1447345677
0.000079 -0.000063 -0.000116 0.000048 -0.000083 -0.000061 -0.000022 -0.004828  1447345686
0.000024 -0.000008 -0.000115 0.000009 -0.000107 -0.000071 -0.000017 -0.004755  1447345695
0.000036 -0.000055 -0.000130 -0.000042 -0.000118 -0.000121 -0.000047 -0.004779  1447345704
0.000039 0.000042 -0.000168 -0.000016 -0.000073 -0.000099 -0.000022 -0.004784  1447345713
0.000048 -0.000023 -0.000185 0.000014 -0.000082 -0.000106 0.000012 -0.004824  1447345722
0.000019 0.000005 -0.000158 -0.000011 -0.000108 -0.000076 -0.000037 -0.004824  1447345731
-0.000000 -0.000011 -0.000163 -0.000056 -0.000105 -0.000143 -0.000054 -0.004909  1447345740
-0.000024 -0.000020 -0.000150 0.000018 -0.000085 -0.000109 -0.000003 -0.004864  1447345749
-0.000021 -0.000012 -0.000152 -0.000007 -0.000099 -0.000113 0.000001 -0.004924  1447345758
0.000024 0.000019 -0.000187 -0.000002 -0.000107 -0.000116 -0.000020 -0.004931  1447345767
0.000035 0.000010 -0.000190 -0.000009 -0.000099 -0.000117 0.000037 -0.004930  1447345776
0.000063 0.000023 -0.000147 0.000029 -0.000103 -0.000151 -0.000000 -0.004947  1447345785
-0.000004 -0.000044 -0.000164 0.000021 -0.000153 -0.000117 -0.000003 -0.005012  1447345795
-0.000007 0.000016 -0.000171 0.000001 -0.000144 -0.000134 -0.000040 -0.004984  1447345804
-0.000000 0.000022 -0.000164 0.000002 -0.000129 -0.000099 -0.000007 -0.004951  1447345813
0.000043 0.000036 -0.000162 0.000001 -0.000113 -0.000127 -0.000033 -0.004979  1447345822
0.000002 -0.000005 -0.000159 0.000011 -0.000149 -0.000171 0.000010 -0.005049  1447345831
0.000045 0.000040 -0.000249 -0.000001 -0.000148 -0.000148 -0.000017 -0.005061  1447345840
0.000041 0.000006 -0.000211 0.000002 -0.000150 -0.000129 0.000005 -0.005073  1447345849
0.000020 0.000018 -0.000181 0.000012 -0.000158 -0.000117 -0.000011 -0.005050  1447345858
-0.000008 0.000012 -0.000176 -0.000023 -0.000126 -0.000141 -0.000031 -0.005072  1447345867
0.000047 0.000011 -0.000180 -0.000013 -0.000153 -0.000174 -0.000003 -0.005043  1447345876
0.000055 0.000015 -0.040087 -0.009921 -0.000132 -0.022438 -0.008885 -0.005055  1447345885
0.008774 0.000465 -0.039914 -0.009937 -0.014081 -0.022334 -0.008900 -0.004144  1447345894
0.008671 0.000437 -0.039751 -0.009955 -0.014011 -0.022286 -0.008895 -0.004142  1447345903
0.008698 0.000469 -0.039590 -0.009933 -0.013912 -0.022152 -0.008829 -0.004088  1447345912
0.008625 0.000451 -0.039552 -0.010013 -0.013881 -0.022109 -0.008877 -0.004143  1447345921
0.008611 0.000422 -0.039353 -0.009959 -0.013888 -0.022020 -0.008775 -0.004121  1447345930
0.008621 0.000440 -0.039215 -0.009963 -0.013846 -0.021951 -0.008761 -0.004192  1447345939
0.008622 0.000505 -0.039193 -0.009996 -0.013752 -0.021916 -0.008730 -0.004144  1447345948
0.008548 0.000469 -0.039050 -0.009981 -0.013704 -0.021816 -0.008747 -0.004126  1447345957
0.008541 0.000477 -0.038902 -0.009949 -0.013680 -0.021720 -0.008690 -0.004182  1447345967
0.008562 0.000456 -0.038797 -0.009939 -0.013635 -0.021692 -0.008689 -0.004131  1447345976
0.008502 0.000462 -0.038728 -0.010001 -0.013571 -0.021667 -0.008692 -0.004171  1447345985
0.008444 0.000450 -0.038616 -0.009988 -0.013544 -0.021574 -0.008649 -0.004083  1447345994
0.008433 0.000439 -0.038518 -0.009942 -0.013509 -0.021532 -0.008629 -0.004222  1447346003
0.008436 0.000451 -0.038469 -0.009969 -0.013460 -0.021512 -0.008623 -0.004201  1447346012
0.008457 0.000465 -0.038376 -0.009962 -0.013462 -0.021428 -0.008605 -0.004163  1447346021
0.008385 0.000467 -0.038333 -0.010000 -0.013433 -0.021416 -0.008527 -0.004194  1447346030
0.008409 0.000408 -0.038202 -0.009967 -0.013432 -0.021366 -0.008525 -0.004194  1447346039
0.008373 0.000416 -0.038158 -0.009949 -0.013375 -0.021313 -0.008552 -0.004171  1447346048
0.008411 0.000423 -0.038058 -0.009976 -0.013375 -0.021295 -0.008536 -0.004247  1447346057
0.008354 0.000419 -0.038075 -0.009990 -0.013269 -0.021204 -0.008555 -0.004194  1447346066
0.008349 0.000461 -0.037967 -0.009984 -0.013330 -0.021210 -0.008528 -0.004257  1447346075
0.008337 0.000447 -0.037930 -0.009940 -0.013284 -0.021162 -0.008471 -0.004229  1447346084
0.008330 0.000365 -0.037826 -0.009896 -0.013296 -0.021150 -0.008437 -0.004252  1447346093
0.008301 0.000354 -0.037823 -0.009909 -0.013321 -0.021187 -0.008441 -0.004238  1447346102
0.008299 0.000396 -0.037782 -0.009935 -0.013240 -0.021083 -0.008446 -0.004260  1447346111
0.008290 0.000426 -0.037768 -0.009971 -0.013229 -0.021078 -0.008463 -0.004250  1447346120
0.008292 0.000432 -0.037681 -0.009960 -0.013219 -0.021057 -0.008468 -0.004214  1447346129
0.008252 0.000412 -0.037708 -0.009966 -0.013220 -0.021028 -0.008423 -0.004243  1447346139
0.008332 0.000486 -0.037695 -0.009987 -0.013200 -0.021023 -0.008462 -0.004214  1447346148
0.008247 0.000453 -0.037626 -0.009958 -0.013180 -0.020982 -0.008445 -0.004215  1447346157
0.008271 0.000422 -0.037590 -0.009936 -0.013186 -0.020965 -0.008390 -0.004236  1447346166
0.008235 0.000381 -0.037514 -0.009933 -0.013120 -0.020959 -0.008413 -0.004250  1447346175
0.008217 0.000392 -0.037506 -0.009920 -0.013173 -0.020967 -0.008386 -0.004269  1447346184
0.008278 0.000436 -0.037524 -0.009951 -0.013091 -0.020955 -0.008433 -0.004203  1447346193
0.008256 0.000440 -0.037507 -0.009982 -0.013135 -0.020896 -0.008423 -0.004221  1447346202
0.008228 0.000420 -0.037459 -0.009956 -0.013126 -0.020923 -0.008379 -0.004288  1447346211
0.008240 0.000455 -0.037450 -0.009932 -0.013115 -0.020915 -0.008400 -0.004270  1447346220
0.008234 0.000407 -0.037424 -0.009918 -0.013118 -0.020901 -0.008400 -0.004252  1447346229
0.008203 0.000454 -0.037405 -0.009961 -0.013095 -0.020857 -0.008391 -0.004243  1447346238
0.008232 0.000372 -0.037436 -0.009962 -0.013076 -0.020809 -0.008393 -0.004233  1447346247
0.008215 0.000416 -0.037381 -0.009951 -0.013075 -0.020839 -0.008375 -0.004287  1447346256
0.008233 0.000434 -0.037388 -0.009929 -0.013079 -0.020854 -0.008368 -0.004262  1447346265
0.008143 0.000429 -0.037388 -0.009908 -0.013035 -0.020845 -0.008357 -0.004279  1447346274
0.008192 0.000395 -0.037328 -0.009980 -0.013107 -0.020870 -0.008392 -0.004285  1447346283
0.008229 0.000459 -0.037341 -0.009973 -0.013043 -0.020851 -0.008366 -0.004258  1447346292
0.008194 0.000419 -0.037317 -0.009934 -0.013048 -0.020800 -0.008371 -0.004220  1447346302
0.008142 0.000404 -0.037310 -0.009972 -0.013029 -0.020759 -0.008390 -0.004242  1447346311
0.008154 0.000409 -0.037318 -0.009991 -0.013050 -0.020826 -0.008364 -0.004290  1447346320
0.008153 0.000400 -0.037398 -0.010049 -0.013091 -0.020904 -0.008480 -0.004262  1447346329
0.008116 0.000383 -0.037356 -0.010020 -0.013092 -0.020853 -0.008414 -0.004245  1447346338
0.008185 0.000442 -0.037317 -0.009957 -0.013036 -0.020805 -0.008384 -0.004236  1447346347
0.008200 0.000460 -0.037299 -0.010013 -0.013044 -0.020842 -0.008422 -0.004258  1447346356
0.008174 0.000434 -0.037320 -0.009971 -0.013050 -0.020798 -0.008397 -0.004215  1447346365
0.008190 0.000435 -0.037304 -0.009975 -0.013053 -0.020813 -0.008350 -0.004267  1447346374
0.008209 0.000430 -0.037295 -0.009951 -0.013049 -0.020804 -0.008333 -0.004226  1447346383
0.008143 0.000418 -0.037288 -0.009961 -0.013043 -0.020778 -0.008384 -0.004244  1447346392
0.008166 0.000423 -0.037310 -0.009960 -0.013037 -0.020806 -0.008392 -0.004285  1447346401
0.008163 0.000433 -0.037331 -0.009989 -0.013064 -0.020806 -0.008317 -0.004264  1447346410
0.008192 0.000413 -0.037238 -0.009946 -0.013063 -0.020823 -0.008368 -0.004234  1447346419
0.008197 0.000408 -0.037295 -0.010033 -0.013050 -0.020797 -0.008311 -0.004241  1447346428
0.008228 0.000400 -0.037307 -0.009968 -0.013031 -0.020783 -0.008315 -0.004235  1447346437
0.008244 0.000440 -0.037274 -0.009938 -0.013075 -0.020828 -0.008347 -0.004268  1447346446
0.008221 0.000396 -0.037285 -0.009932 -0.013067 -0.020758 -0.008349 -0.004226  1447346455
0.008186 0.000433 -0.037238 -0.009926 -0.013060 -0.020832 -0.008347 -0.004265  1447346464
0.008167 0.000414 -0.037268 -0.009940 -0.013048 -0.020791 -0.008330 -0.004264  1447346474
0.008183 0.000394 -0.037241 -0.009944 -0.013041 -0.020804 -0.008357 -0.004237  1447346483
0.008136 0.000404 -0.037306 -0.009970 -0.013021 -0.020792 -0.008389 -0.004252  1447346492
0.008203 0.000466 -0.037270 -0.009969 -0.013034 -0.020778 -0.008377 -0.004230  1447346501
0.008179 0.000415 -0.037258 -0.009909 -0.013059 -0.020793 -0.008341 -0.004293  1447346510
0.008212 0.000452 -0.037280 -0.009977 -0.013052 -0.020812 -0.008386 -0.004232  1447346519
0.008177 0.000447 -0.037277 -0.009969 -0.013024 -0.020796 -0.008365 -0.004239  1447346528
0.008177 0.000420 -0.037304 -0.009966 -0.013063 -0.020803 -0.008337 -0.004296  1447346537
0.008224 0.000439 -0.037293 -0.009955 -0.013053 -0.020838 -0.008306 -0.004264  1447346546
0.008211 0.000427 -0.037302 -0.009979 -0.013067 -0.020813 -0.008354 -0.004255  1447346555
0.008220 0.000426 -0.037292 -0.009951 -0.013076 -0.020834 -0.008346 -0.004242  1447346564
0.008198 0.000406 -0.037303 -0.009923 -0.013073 -0.020834 -0.008335 -0.004281  1447346573
0.008146 0.000431 -0.037311 -0.009963 -0.013043 -0.020855 -0.008334 -0.004275  1447346582
0.008233 0.000451 -0.037314 -0.009952 -0.013064 -0.020821 -0.008356 -0.004226  1447346591
0.008203 0.000397 -0.037287 -0.009930 -0.013087 -0.020810 -0.008393 -0.004275  1447346600
0.008196 0.000431 -0.037316 -0.009970 -0.013071 -0.020831 -0.008341 -0.004213  1447346609
0.008177 0.000404 -0.037326 -0.009940 -0.013056 -0.020812 -0.008359 -0.004291  1447346618
0.008138 0.000427 -0.037327 -0.009906 -0.013057 -0.020821 -0.008398 -0.004226  1447346627
0.008207 0.000458 -0.037333 -0.009989 -0.013051 -0.020874 -0.008340 -0.004286  1447346636
0.008237 0.000422 -0.037354 -0.009977 -0.013109 -0.020839 -0.008365 -0.004241  1447346646
0.008221 0.000429 -0.037353 -0.009965 -0.013071 -0.020864 -0.008366 -0.004264  1447346655
0.008170 0.000400 -0.037343 -0.009921 -0.013065 -0.020839 -0.008379 -0.004246  1447346664
0.008191 0.000423 -0.037365 -0.009952 -0.013049 -0.020826 -0.008419 -0.004268  1447346673
0.008214 0.000424 -0.037363 -0.009926 -0.013061 -0.020861 -0.008316 -0.004228  1447346682
0.008243 0.000445 -0.037373 -0.009938 -0.013113 -0.020871 -0.008384 -0.004286  1447346691
0.008175 0.000403 -0.037393 -0.009957 -0.013110 -0.020867 -0.008373 -0.004267  1447346700
0.008191 0.000407 -0.037354 -0.009931 -0.013082 -0.020850 -0.008356 -0.004219  1447346709
0.008181 0.000389 -0.037374 -0.009941 -0.013066 -0.020852 -0.008383 -0.004277  1447346718
0.008175 0.000425 -0.037399 -0.009962 -0.013083 -0.020849 -0.008411 -0.004279  1447346727
0.008181 0.000363 -0.037397 -0.009912 -0.013132 -0.020917 -0.008340 -0.004263  1447346736
0.008231 0.000400 -0.037357 -0.009906 -0.013109 -0.020875 -0.008382 -0.004248  1447346745
0.008157 0.000395 -0.037393 -0.009959 -0.013134 -0.020874 -0.008359 -0.004284  1447346754
0.008179 0.000396 -0.037436 -0.009938 -0.013115 -0.020893 -0.008424 -0.004282  1447346763
0.008211 0.000430 -0.037422 -0.009934 -0.013092 -0.020899 -0.008428 -0.004250  1447346772
0.008185 0.000425 -0.037416 -0.009896 -0.013133 -0.020878 -0.008354 -0.004277  1447346781
0.008266 0.000467 -0.037473 -0.009993 -0.013111 -0.020915 -0.008384 -0.004237  1447346790
0.008193 0.000426 -0.037449 -0.009971 -0.013129 -0.020934 -0.008358 -0.004227  1447346799
0.008253 0.000424 -0.037460 -0.009920 -0.013107 -0.020884 -0.008424 -0.004305  1447346809
0.008209 0.000438 -0.037483 -0.009920 -0.013125 -0.020875 -0.008348 -0.004244  1447346818
0.008212 0.000385 -0.037503 -0.009969 -0.013127 -0.020898 -0.008352 -0.004221  1447346827
0.008222 0.000383 -0.037478 -0.009924 -0.013124 -0.020899 -0.008384 -0.004272  1447346836
0.008200 0.000417 -0.037493 -0.009946 -0.013145 -0.020945 -0.008430 -0.004223  1447346845
0.008196 0.000434 -0.037495 -0.009987 -0.013104 -0.020892 -0.008426 -0.004243  1447346854
0.008206 0.000411 -0.037533 -0.009940 -0.013148 -0.020939 -0.008399 -0.004273  1447346863
0.008199 0.000476 -0.037520 -0.009964 -0.013147 -0.020939 -0.008433 -0.004217  1447346872
0.008262 0.000429 -0.037559 -0.009937 -0.013118 -0.020924 -0.008431 -0.004216  1447346881
0.008210 0.000391 -0.037508 -0.009934 -0.013106 -0.020898 -0.008410 -0.004220  1447346890
0.008226 0.000432 -0.037565 -0.009997 -0.013139 -0.020950 -0.008430 -0.004220  1447346899
0.008264 0.000407 -0.037560 -0.009961 -0.013165 -0.020987 -0.008391 -0.004237  1447346908
0.008247 0.000436 -0.037567 -0.009926 -0.013144 -0.020921 -0.008399 -0.004260  1447346917
0.008240 0.000374 -0.037599 -0.009965 -0.013186 -0.020988 -0.008457 -0.004260  1447346926
0.008275 0.000432 -0.037617 -0.009964 -0.013195 -0.020981 -0.008446 -0.004240  1447346935
0.008264 0.000438 -0.037602 -0.009951 -0.013180 -0.020990 -0.008418 -0.004202  1447346944
